Array	Dye	Tissue	Gene	ExpLevel
1	1	L	1	8.729882
1	1	L	2	8.597113
1	1	L	3	8.307953
1	1	L	4	7.818832
1	1	L	5	8.390949
1	1	L	6	8.084562
1	1	L	7	7.854381
1	1	L	8	7.259116
1	1	L	9	8.174985
1	1	L	10	8.005033
1	1	L	11	9.763075
1	1	L	12	9.127611
1	1	L	13	9.127611
1	1	L	14	9.062652
1	1	L	15	7.31322
1	1	L	16	7.31322
1	1	L	17	8.000349
1	1	L	18	8.348301
1	1	L	19	7.257003
1	1	L	20	7.817223
1	1	L	21	8.391857
1	1	L	22	7.668561
1	1	L	23	8.74767
1	1	L	24	7.272398
1	1	L	25	8.49699
1	1	L	26	7.172425
1	1	L	27	8.008033
1	1	L	28	7.363914
1	1	L	29	8.29355
1	1	L	30	7.820841
1	1	L	31	7.820841
1	1	L	32	7.655391
1	1	L	33	8.101072
1	1	L	34	8.360539
1	1	L	35	7.236339
1	1	L	36	8.89563
1	1	L	37	7.375256
1	1	L	38	7.224753
1	1	L	39	7.192182
1	1	L	40	7.51915
1	1	L	41	9.177817
1	1	L	42	8.005701
1	1	L	43	7.824046
1	1	L	44	10.00315
1	1	L	45	8.871926
1	1	L	46	8.417815
1	1	L	47	7.578145
1	1	L	48	7.835975
1	1	L	49	7.41698
1	1	L	50	7.8144
1	1	L	51	7.277248
1	1	L	52	7.271704
1	1	L	53	8.281471
1	1	L	54	8.526945
1	1	L	55	8.072779
1	1	L	56	7.280697
1	1	L	57	7.957527
1	1	L	58	7.436617
1	1	L	59	7.248504
1	1	L	60	7.789455
1	1	L	61	7.386471
1	1	L	62	9.120306
1	1	L	63	8.109526
1	1	L	64	7.558517
1	1	L	65	8.226306
1	1	L	66	7.389564
1	1	L	67	7.463937
1	1	L	68	7.538495
1	1	L	69	7.138867
1	1	L	70	6.955593
1	1	L	71	8.456168
1	1	L	72	9.151757
1	1	L	73	7.625595
1	1	L	74	7.546974
1	1	L	75	7.062192
1	1	L	76	7.276556
1	1	L	77	7.625107
1	1	L	78	7.487174
1	1	L	79	7.254885
1	1	L	80	7.451822
1	1	L	81	7.532624
1	1	L	82	8.306966
1	1	L	83	8.858226
1	1	L	84	8.700015
1	1	L	85	9.485165
1	1	L	86	7.590852
1	1	L	87	8.304247
1	1	L	88	7.569412
1	1	L	89	8.227643
1	1	L	90	7.306531
1	1	L	91	7.050123
1	1	L	92	7.912789
1	1	L	93	8.338784
1	1	L	94	7.951207
1	1	L	95	8.78048
1	1	L	96	7.922261
1	1	L	97	7.352441
1	1	L	98	8.213924
1	1	L	99	7.714231
1	1	L	100	7.721349
1	1	L	101	7.098376
1	1	L	102	7.025538
1	1	L	103	7.330405
1	1	L	104	7.184629
1	1	L	105	7.386471
1	1	L	106	6.997596
1	1	L	107	10.19824
1	1	L	108	7.857868
1	1	L	109	7.857868
1	1	L	110	8.020599
1	1	L	111	7.463363
1	1	L	112	6.896694
1	1	L	113	9.633842
1	1	L	114	9.539068
1	1	L	115	7.503841
1	1	L	116	7.74327
1	1	L	117	8.200563
1	1	L	118	6.918695
1	1	L	119	7.149917
1	1	L	120	6.972606
1	1	L	121	7.868637
1	1	L	122	7.892452
1	1	L	123	7.226936
1	1	L	124	7.344719
1	1	L	125	7.478735
1	1	L	126	8.092851
1	1	L	127	8.712266
1	1	L	128	7.715124
1	1	L	129	8.377471
1	1	L	130	8.717027
1	1	L	131	7.621195
1	1	L	132	7.288928
1	1	L	133	7.662468
1	1	L	134	7.906547
1	1	L	135	7.956827
1	1	L	136	7.790282
1	1	L	137	7.235619
1	1	L	138	7.271704
1	1	L	139	7.447751
1	1	L	140	7.129298
1	1	L	141	7.908387
1	1	L	142	7.65302
1	1	L	143	7.222566
1	1	L	144	7.239933
1	1	L	145	7.061334
1	1	L	146	10.43108
1	1	L	147	7.50769
1	1	L	148	8.283241
1	1	L	149	7.211557
1	1	L	150	7.015712
1	1	L	151	7.120444
1	1	L	152	6.929517
1	1	L	153	7.6774
1	1	L	154	7.142827
1	1	L	155	8.16451
1	1	L	156	8.39976
1	1	L	157	7.82044
1	1	L	158	7.501634
1	1	L	159	7.454141
1	1	L	160	7.883823
1	1	L	161	7.797291
1	1	L	162	8.528924
1	1	L	163	7.403061
1	1	L	164	9.744902
1	1	L	165	8.066835
1	1	L	166	7.357556
1	1	L	167	9.16858
1	1	L	168	7.107425
1	1	L	169	7.634821
1	1	L	170	7.211557
1	1	L	171	7.377134
1	1	L	172	7.129298
1	1	L	173	7.414573
1	1	L	174	8.080237
1	1	L	175	7.185387
1	1	L	176	8.84058
1	1	L	177	8.188689
1	1	L	178	8.286017
1	1	L	179	7.186144
1	1	L	180	8.15191
1	1	L	181	8.021913
1	1	L	182	7.801391
1	1	L	183	7.711997
1	1	L	184	7.678789
1	1	L	185	7.504942
1	1	L	186	7.170888
1	1	L	187	9.012011
1	1	L	188	7.172425
1	1	L	189	8.909235
1	1	L	190	7.947679
1	1	L	191	7.947679
1	1	L	192	7.249926
1	1	L	193	7.849324
1	1	L	194	7.008505
1	1	L	195	7.053586
1	1	L	196	7.71913
1	1	L	197	8.115521
1	1	L	198	8.917981
1	1	L	199	8.142645
1	1	L	200	7.957527
1	1	L	201	7.316548
1	1	L	202	7.679714
1	1	L	203	7.685703
1	1	L	204	7.001246
1	1	L	205	7.639161
1	1	L	206	8.740497
1	1	L	207	8.029107
1	1	L	208	8.165648
1	1	L	209	6.931472
1	1	L	210	7.661527
1	1	L	211	7.27448
1	1	L	212	7.655391
1	1	L	213	7.347944
1	1	L	214	8.338306
1	1	L	215	6.945051
1	1	L	216	8.124151
1	1	L	217	8.936298
1	1	L	218	7.654443
1	1	L	219	7.201171
1	1	L	220	6.96319
1	1	L	221	6.951772
1	1	L	222	7.362011
1	1	L	223	7.287561
1	1	L	224	7.163172
1	1	L	225	7.236339
1	1	L	226	7.293018
1	1	L	227	7.061334
1	1	L	228	7.353722
1	1	L	229	7.193686
1	1	L	230	7.328437
1	1	L	231	7.21524
1	1	L	232	10.70522
1	1	L	233	8.980172
1	1	L	234	7.364547
1	1	L	235	8.323123
1	1	L	236	7.406711
1	1	L	237	8.338545
1	1	L	238	7.809541
1	1	L	239	7.110696
1	1	L	240	6.97073
1	1	L	241	7.391415
1	1	L	242	7.603898
1	1	L	243	7.579168
1	1	L	244	7.518064
1	1	L	245	7.580189
1	1	L	246	6.859615
1	1	L	247	7.181592
1	1	L	248	7.459915
1	1	L	249	7.469654
1	1	L	250	10.53449
1	1	L	251	7.266129
1	1	L	252	7.458763
1	1	L	253	9.860006
1	1	L	254	9.346356
1	1	L	255	8.796036
1	1	L	256	8.436634
1	1	L	257	8.391403
1	1	L	258	9.064274
1	1	L	259	8.976641
1	1	L	260	8.96252
1	1	L	261	8.252446
1	1	L	262	8.907612
1	1	L	263	8.546558
1	1	L	264	7.535297
1	1	L	265	8.927447
1	1	L	266	7.652546
1	1	L	267	7.301822
1	1	L	268	7.574558
1	1	L	269	7.745436
1	1	L	270	9.228475
1	1	L	271	7.316548
1	1	L	272	6.989335
1	1	L	273	7.037028
1	1	L	274	8.812397
1	1	L	275	7.307202
1	1	L	276	8.478244
1	1	L	277	7.898782
1	1	L	278	8.084871
1	1	L	279	8.18172
1	1	L	280	8.674026
1	1	L	281	9.036939
1	1	L	282	8.735204
1	1	L	283	8.577724
1	1	L	284	8.905309
1	1	L	285	8.804775
1	1	L	286	9.500095
1	1	L	287	9.113829
1	1	L	288	8.261268
1	1	L	289	7.886833
1	1	L	290	9.65278
1	1	L	291	9.346007
1	1	L	292	8.759041
1	1	L	293	8.127405
1	1	L	294	8.954932
1	1	L	295	8.826294
1	1	L	296	7.954372
1	1	L	297	9.843631
1	1	L	298	8.489411
1	1	L	299	9.40714
1	1	L	300	9.124891
1	1	L	301	9.21811
1	1	L	302	8.471777
1	1	L	303	8.621373
1	1	L	304	9.949751
1	1	L	305	9.922751
1	1	L	306	10.28994
1	1	L	307	8.600431
1	1	L	308	9.088512
1	1	L	309	8.281977
1	1	L	310	9.419142
1	1	L	311	8.462103
1	1	L	312	7.428333
1	1	L	313	8.17948
1	1	L	314	7.388328
1	1	L	315	7.190676
1	1	L	316	8.192847
1	1	L	317	7.957177
1	1	L	318	7.118016
1	1	L	319	9.571226
1	1	L	320	8.400659
1	1	L	321	9.547883
1	1	L	322	9.231808
1	1	L	323	7.216709
1	1	L	324	7.109062
1	1	L	325	9.338118
1	1	L	326	7.31854
1	1	L	327	7.868254
1	1	L	328	7.363914
1	1	L	329	7.216709
1	1	L	330	7.231287
1	1	L	331	8.03948
1	1	L	332	8.781402
1	1	L	333	7.786967
1	1	L	334	7.462215
1	1	L	335	7.462789
1	1	L	336	7.120444
1	1	L	337	7.851272
1	1	L	338	7.811163
1	1	L	339	7.327781
1	1	L	340	7.203406
1	1	L	341	8.014005
1	1	L	342	9.301643
1	1	L	343	7.006695
1	1	L	344	7.452402
1	1	L	345	7.45472
1	1	L	346	7.087574
1	1	L	347	7.811568
1	1	L	348	7.184629
1	1	L	349	7.192182
1	1	L	350	9.361085
1	1	L	351	7.626083
1	1	L	352	7.604894
1	1	L	353	7.413367
1	1	L	354	8.77848
1	1	L	355	6.904751
1	1	L	356	7.069023
1	1	L	357	7.083388
1	1	L	358	7.308543
1	1	L	359	7.46049
1	1	L	360	7.2086
1	1	L	361	7.203406
1	1	L	362	8.105006
1	1	L	363	7.224753
1	1	L	364	8.577159
1	1	L	365	8.044626
1	1	L	366	7.193686
1	1	L	367	7.236339
1	1	L	368	8.959569
1	1	L	369	6.908755
1	1	L	370	7.501634
1	1	L	371	9.746658
1	1	L	372	10.01018
1	1	L	373	9.048527
1	1	L	374	9.962039
1	1	L	375	10.1105
1	1	L	376	8.713418
1	1	L	377	7.52564
1	1	L	378	9.78132
1	1	L	379	9.088738
1	1	L	380	9.682716
1	1	L	381	9.391495
1	1	L	382	7.334982
1	1	L	383	7.619724
1	1	L	384	10.14305
1	1	L	385	9.878939
1	1	L	386	9.484861
1	1	L	387	9.791885
1	1	L	388	9.555914
1	1	L	389	9.796459
1	1	L	390	9.490696
1	1	L	391	9.774347
1	1	L	392	9.763708
1	1	L	393	11.02012
1	1	L	394	9.766006
1	1	L	395	9.543736
1	1	L	396	9.421654
1	1	L	397	10.24156
1	1	L	398	10.31549
1	1	L	399	9.609854
1	1	L	400	8.56121
1	1	L	401	10.57643
1	1	L	402	10.25737
1	1	L	403	9.758635
1	1	L	404	10.03499
1	1	L	405	7.744137
1	1	L	406	8.069655
1	1	L	407	7.57661
1	1	L	408	7.328437
1	1	L	409	7.756623
1	1	L	410	8.085179
1	1	L	411	8.008366
1	1	L	412	7.387709
1	1	L	413	8.592486
1	1	L	414	9.29192
1	1	L	415	8.682029
1	1	L	416	7.973844
1	1	L	417	8.433159
1	1	L	418	8.908018
1	1	L	419	8.243283
1	1	L	420	8.035603
1	1	L	421	7.204149
1	1	L	422	7.013016
1	1	L	423	9.095378
1	1	L	424	7.761319
1	1	L	425	8.964823
1	1	L	426	7.732369
1	1	L	427	7.506592
1	1	L	428	8.498214
1	1	L	429	7.687997
1	1	L	430	9.187993
1	1	L	431	8.490233
1	1	L	432	7.96137
1	1	L	433	9.645364
1	1	L	434	7.803843
1	1	L	435	7.098376
1	1	L	436	7.223296
1	1	L	437	8.697012
1	1	L	438	9.081484
1	1	L	439	7.32251
1	1	L	440	7.887209
1	1	L	441	8.550628
1	1	L	442	7.32251
1	1	L	443	8.292549
1	1	L	444	7.254178
1	1	L	445	8.593969
1	1	L	446	8.262043
1	1	L	447	8.257645
1	1	L	448	7.590347
1	1	L	449	8.538172
1	1	L	450	8.114624
1	1	L	451	8.078068
1	1	L	452	8.040125
1	1	L	453	7.427144
1	1	L	454	7.716015
1	1	L	455	8.306225
1	1	L	456	7.468513
1	1	L	457	7.801391
1	1	L	458	8.865594
1	1	L	459	8.334472
1	1	L	460	8.15823
1	1	L	461	8.550628
1	1	L	462	7.651596
1	1	L	463	10.62386
1	1	L	464	7.557995
1	1	L	465	8.740977
1	1	L	466	7.226936
1	1	L	467	8.257645
1	1	L	468	8.200563
1	1	L	469	7.677864
1	1	L	470	7.223296
1	1	L	471	7.704812
1	1	L	472	7.349874
1	1	L	473	7.949797
1	1	L	474	8.39231
1	1	L	475	8.0077
1	1	L	476	7.155396
1	1	L	477	7.204149
1	1	L	478	8.120589
1	1	L	479	8.08302
1	1	L	480	8.795279
1	1	L	481	9.483264
1	1	L	482	7.633854
1	1	L	483	7.620705
1	1	L	484	7.257003
1	1	L	485	7.412764
1	1	L	486	8.675222
1	1	L	487	8.192847
1	1	L	488	8.53915
1	1	L	489	7.160069
1	1	L	490	7.632886
1	1	L	491	7.186901
1	1	L	492	8.339262
1	1	L	493	7.441907
1	1	L	494	8.350902
1	1	L	495	8.951699
1	1	L	496	9.188504
1	1	L	497	8.134468
1	1	L	498	7.447168
1	1	L	499	9.070733
1	1	L	500	10.69114
1	1	L	501	10.64471
1	1	L	502	10.55417
1	1	L	503	7.257003
1	1	L	504	10.11127
1	1	L	505	6.914731
1	1	L	506	8.257126
1	1	L	507	7.088409
1	1	L	508	7.510978
1	1	L	509	9.203114
1	1	L	510	8.830104
1	1	L	511	7.002156
1	1	L	512	7.369601
1	1	L	513	7.755767
1	1	L	514	8.395929
1	1	L	515	9.333973
1	1	L	516	7.803843
1	1	L	517	9.236885
1	1	L	518	6.909753
1	1	L	519	8.446556
1	1	L	520	7.506592
1	1	L	521	6.840547
1	1	L	522	9.708567
1	1	L	523	8.007034
1	1	L	524	7.838738
1	1	L	525	7.154615
1	1	L	526	7.30586
1	1	L	527	7.50329
1	1	L	528	7.51915
1	1	L	529	7.752335
1	1	L	530	7.093405
1	1	L	531	6.986566
1	1	L	532	7.76811
1	1	L	533	7.3473
1	1	L	534	8.025189
1	1	L	535	7.393263
1	1	L	536	7.036148
1	1	L	537	7.395108
1	1	L	538	7.376508
1	1	L	539	7.184629
1	1	L	540	7.49887
1	1	L	541	6.889591
1	1	L	542	7.217443
1	1	L	543	8.574518
1	1	L	544	8.108623
1	1	L	545	7.204893
1	1	L	546	6.917706
1	1	L	547	6.921658
1	1	L	548	7.131699
1	1	L	549	8.741136
1	1	L	550	7.763021
1	1	L	551	8.42442
1	1	L	552	6.967909
1	1	L	553	8.27206
1	1	L	554	7.254885
1	1	L	555	7.66669
1	1	L	556	7.557473
1	1	L	557	9.127393
1	1	L	558	7.227662
1	1	L	559	8.404472
1	1	L	560	7.084226
1	1	L	561	7.323171
1	1	L	562	7.041412
1	1	L	563	9.171911
1	1	L	564	8.468843
1	1	L	565	7.269617
1	1	L	566	7.565793
1	1	L	567	7.697121
1	1	L	568	8.937875
1	1	L	569	7.354362
1	1	L	570	9.010425
1	1	L	571	7.224753
1	1	L	572	6.959399
1	1	L	573	7.32185
1	1	L	574	9.012621
1	1	L	575	7.68708
1	1	L	576	7.983781
1	1	L	577	7.337588
1	1	L	578	7.83637
1	1	L	579	7.761319
1	1	L	580	8.135054
1	1	L	581	7.154615
1	1	L	582	7.119636
1	1	L	583	7.41397
1	1	L	584	7.297091
1	1	L	585	7.498316
1	1	L	586	9.09212
1	1	L	587	8.561784
1	1	L	588	7.873217
1	1	L	589	7.789455
1	1	L	590	7.520776
1	1	L	591	8.149313
1	1	L	592	7.21524
1	1	L	593	7.682943
1	1	L	594	7.609367
1	1	L	595	10.08322
1	1	L	596	8.190632
1	1	L	597	7.159292
1	1	L	598	7.416378
1	1	L	599	7.185387
1	1	L	600	10.22321
1	1	L	601	7.804659
1	1	L	602	9.678154
1	1	L	603	8.966867
1	1	L	604	9.338206
1	1	L	605	7.783641
1	1	L	606	8.745125
1	1	L	607	7.319202
1	1	L	608	8.451267
1	1	L	609	7.308543
1	1	L	610	7.142037
1	1	L	611	9.336003
1	1	L	612	7.77191
1	1	L	613	7.338238
1	1	L	614	9.339964
1	1	L	615	7.188413
1	1	L	616	7.500529
1	1	L	617	7.155396
1	1	L	618	9.039789
1	1	L	619	8.665613
1	1	L	620	7.023759
1	1	L	621	9.540651
1	1	L	622	7.217443
1	1	L	623	7.401842
1	1	L	624	7.386471
1	1	L	625	8.022241
1	1	L	626	7.558517
1	1	L	627	6.813445
1	1	L	628	8.103494
1	1	L	629	7.492203
1	1	L	630	8.164226
1	1	L	631	9.414668
1	1	L	632	8.661294
1	1	L	633	7.336937
1	1	L	634	9.137017
1	1	L	635	7.455298
1	1	L	636	7.160069
1	1	L	637	8.530504
1	1	L	638	9.645041
1	1	L	639	8.075272
1	1	L	640	9.881804
1	1	L	641	9.759964
1	1	L	642	7.720905
1	1	L	643	8.011023
1	1	L	644	7.843064
1	1	L	645	8.254009
1	1	L	646	8.353497
1	1	L	647	8.021256
1	1	L	648	7.813592
1	1	L	649	8.759355
1	1	L	650	8.703839
1	1	L	651	7.416378
1	1	L	652	7.045777
1	1	L	653	7.542213
1	1	L	654	7.034388
1	1	L	655	7.090077
1	1	L	656	7.472501
1	1	L	657	7.54009
1	1	L	658	7.672292
1	1	L	659	8.253748
1	1	L	660	8.488176
1	1	L	661	9.237372
1	1	L	662	7.367077
1	1	L	663	9.124565
1	1	L	664	7.386471
1	1	L	665	7.58172
1	1	L	666	7.676937
1	1	L	667	7.192182
1	1	L	668	8.868695
1	1	L	669	7.167038
1	1	L	670	8.014666
1	1	L	671	7.042286
1	1	L	672	8.545197
1	1	L	673	7.777793
1	1	L	674	7.929846
1	1	L	675	9.525808
1	1	L	676	8.164795
1	1	L	677	7.393878
1	1	L	678	9.665167
1	1	L	679	9.573594
1	1	L	680	8.091015
1	1	L	681	7.292337
1	1	L	682	8.198364
1	1	L	683	8.337349
1	1	L	684	9.793673
1	1	L	685	9.763881
1	1	L	686	9.99342
1	1	L	687	10.05065
1	1	L	688	9.184304
1	1	L	689	8.445912
1	1	L	690	7.887959
1	1	L	691	10.55591
1	1	L	692	7.142037
1	1	L	693	7.594884
1	1	L	694	7.6029
1	1	L	695	9.269835
1	1	L	696	8.183956
1	1	L	697	7.463363
1	1	L	698	8.216628
1	1	L	699	7.838343
1	1	L	700	8.273592
1	1	L	701	7.299121
1	1	L	702	9.133675
1	1	L	703	7.167809
1	1	L	704	9.154405
1	1	L	705	7.785305
1	1	L	706	8.00236
1	1	L	707	9.269835
1	1	L	708	7.442493
1	1	L	709	9.220489
1	1	L	710	7.549609
1	1	L	711	7.818832
1	1	L	712	7.551712
1	1	L	713	10.0946
1	1	L	714	8.053251
1	1	L	715	7.991592
1	1	L	716	7.273093
1	1	L	717	7.249215
1	1	L	718	8.705497
1	1	L	719	7.924796
1	1	L	720	7.098376
1	1	L	721	10.07213
1	1	L	722	10.18108
1	1	L	723	7.360104
1	1	L	724	10.23956
1	1	L	725	8.109225
1	1	L	726	10.19623
1	1	L	727	7.017506
1	1	L	728	7.287561
1	1	L	729	8.971829
1	1	L	730	7.212294
1	1	L	731	9.699472
1	1	L	732	8.304495
1	1	L	733	7.912057
1	1	L	734	8.318742
1	1	L	735	7.292337
1	1	L	736	9.327679
1	1	L	737	7.422374
1	1	L	738	7.850104
1	1	L	739	8.318254
1	1	L	740	9.841719
1	1	L	741	10.61078
1	1	L	742	8.334231
1	1	L	743	7.32449
1	1	L	744	7.342132
1	1	L	745	8.996157
1	1	L	746	7.104144
1	1	L	747	8.547528
1	1	L	748	7.407318
1	1	L	749	8.963288
1	1	L	750	7.435438
1	1	L	751	7.574045
1	1	L	752	7.03966
1	1	L	753	8.780941
1	1	L	754	7.375882
1	1	L	755	9.15599
1	1	L	756	7.273786
1	1	L	757	7.352441
1	1	L	758	8.153062
1	1	L	759	7.271704
1	1	L	760	7.788212
1	1	L	761	8.960211
1	1	L	762	8.207674
1	1	L	763	7.219642
1	1	L	764	7.080868
1	1	L	765	7.729735
1	1	L	766	7.724447
1	1	L	767	7.927685
1	1	L	768	7.694393
1	1	L	769	7.162397
1	1	L	770	7.969704
1	1	L	771	8.344505
1	1	L	772	8.160232
1	1	L	773	8.402904
1	1	L	774	7.962764
1	1	L	775	9.102644
1	1	L	776	7.389564
1	1	L	777	10.09266
1	1	L	778	7.494986
1	1	L	779	8.101375
1	1	L	780	7.74327
1	1	L	781	9.733351
1	1	L	782	7.250636
1	1	L	783	7.487734
1	1	L	784	7.077498
1	1	L	785	7.981392
1	1	L	786	10.0109
1	1	L	787	6.974479
1	1	L	788	8.373554
1	1	L	789	7.832411
1	1	L	790	8.308446
1	1	L	791	9.698
1	1	L	792	8.488382
1	1	L	793	7.74023
1	1	L	794	8.187577
1	1	L	795	7.418181
1	1	L	796	7.445418
1	1	L	797	7.371489
1	1	L	798	7.514255
1	1	L	799	8.568456
1	1	L	800	8.121777
1	1	L	801	7.781556
1	1	L	802	7.085064
1	1	L	803	7.516977
1	1	L	804	9.671429
1	1	L	805	7.449498
1	1	L	806	6.850126
1	1	L	807	8.33327
1	1	L	808	8.285009
1	1	L	809	8.125335
1	1	L	810	9.498147
1	1	L	811	7.635304
1	1	L	812	7.750184
1	1	L	813	7.683864
1	1	L	814	8.793309
1	1	L	815	7.309212
1	1	L	816	7.956827
1	1	L	817	7.315218
1	1	L	818	7.479864
1	1	L	819	8.479076
1	1	L	820	7.095893
1	1	L	821	6.810142
1	1	L	822	7.83122
1	1	L	823	9.54617
1	1	L	824	7.754482
1	1	L	825	8.067463
1	1	L	826	7.360104
1	1	L	827	7.694393
1	1	L	828	8.37609
1	1	L	829	8.180041
1	1	L	830	9.884509
1	1	L	831	9.61367
1	1	L	832	9.272094
1	1	L	833	7.303843
1	1	L	834	7.925158
1	1	L	835	7.037028
1	1	L	836	7.74846
1	1	L	837	8.319717
1	1	L	838	7.451822
1	1	L	839	8.303257
1	1	L	840	7.354362
1	1	L	841	8.061171
1	1	L	842	8.533067
1	1	L	843	6.860664
1	1	L	844	8.180601
1	1	L	845	7.220374
1	1	L	846	8.695172
1	1	L	847	8.613775
1	1	L	848	7.509883
1	1	L	849	7.497207
1	1	L	850	7.955074
1	1	L	851	7.359468
1	1	L	852	7.192934
1	1	L	853	8.721602
1	1	L	854	8.455318
1	1	L	855	7.364547
1	1	L	856	9.582042
1	1	L	857	7.635787
1	1	L	858	8.322151
1	1	L	859	9.956934
1	1	L	860	7.452402
1	1	L	861	7.703008
1	1	L	862	7.625595
1	1	L	863	8.465479
1	1	L	864	8.471987
1	1	L	865	8.163656
1	1	L	866	7.707962
1	1	L	867	8.007367
1	1	L	868	9.11954
1	1	L	869	8.495765
1	1	L	870	6.992096
1	1	L	871	9.214532
1	1	L	872	8.45084
1	1	L	873	8.163371
1	1	L	874	7.012115
1	1	L	875	9.421249
1	1	L	876	7.289611
1	1	L	877	9.228966
1	1	L	878	8.708805
1	1	L	879	8.016648
1	1	L	880	7.415777
1	1	L	881	8.447414
1	1	L	882	7.051856
1	1	L	883	8.741296
1	1	L	884	8.660601
1	1	L	885	8.780019
1	1	L	886	8.610137
1	1	L	887	7.475906
1	1	L	888	8.739697
1	1	L	889	7.792762
1	1	L	890	7.49887
1	1	L	891	7.998671
1	1	L	892	8.774313
1	1	L	893	8.993055
1	1	L	894	8.96559
1	1	L	895	8.092545
1	1	L	896	7.850104
1	1	L	897	8.289539
1	1	L	898	7.828835
1	1	L	899	8.07496
1	1	L	900	7.789455
1	1	L	901	7.912057
1	1	L	902	9.651044
1	1	L	903	8.655214
1	1	L	904	7.836765
1	1	L	905	9.313077
1	1	L	906	9.16712
1	1	L	907	8.962776
1	1	L	908	9.323848
1	1	L	909	7.226209
1	1	L	910	8.791182
1	1	L	911	7.891331
1	1	L	912	9.11438
1	1	L	913	8.00236
1	1	L	914	7.100852
1	1	L	915	7.682022
1	1	L	916	7.936303
1	1	L	917	9.174713
1	1	L	918	9.607908
1	1	L	919	9.761924
1	1	L	920	8.672828
1	1	L	921	8.612503
1	1	L	922	8.062748
1	1	L	923	8.083637
1	1	L	924	7.922986
1	1	L	925	9.845329
1	1	L	926	9.145162
1	1	L	927	7.003974
1	1	L	928	7.257708
1	1	L	929	7.620705
1	1	L	930	8.667336
1	1	L	931	7.480992
1	1	L	932	7.387709
1	1	L	933	8.277666
1	1	L	934	8.683724
1	1	L	935	7.184629
1	1	L	936	8.63888
1	1	L	937	8.583543
1	1	L	938	8.312626
1	1	L	939	7.266129
1	1	L	940	8.268219
1	1	L	941	8.045588
1	1	L	942	8.306719
1	1	L	943	8.229244
1	1	L	944	8.537388
1	1	L	945	9.142704
1	1	L	946	6.96508
1	1	L	947	8.327726
1	1	L	948	7.528332
1	1	L	949	7.012115
1	1	L	950	8.244334
1	1	L	951	8.860783
1	1	L	952	8.602637
1	1	L	953	7.808323
1	1	L	954	8.021256
1	1	L	955	8.75684
1	1	L	956	8.152774
1	1	L	957	7.5148
1	1	L	958	7.586804
1	1	L	959	8.169336
1	1	L	960	7.350516
1	1	L	961	9.048174
1	1	L	962	9.913438
1	1	L	963	7.353082
1	1	L	964	8.659213
1	1	L	965	7.312553
1	1	L	966	7.81682
1	1	L	967	7.242798
1	1	L	968	7.439559
1	1	L	969	7.727535
1	1	L	970	8.114624
1	1	L	971	10.13586
1	1	L	972	9.880526
1	1	L	973	8.043984
1	1	L	974	7.536897
1	1	L	975	8.409162
1	1	L	976	8.333751
1	1	L	977	7.433667
1	1	L	978	8.118207
1	1	L	979	7.309212
1	1	L	980	6.958448
1	1	L	981	8.27614
1	1	L	982	8.130354
1	1	L	983	10.00523
1	1	L	984	9.040382
1	1	L	985	7.914252
1	1	L	986	7.619724
1	1	L	987	7.071573
1	1	L	988	8.312871
1	1	L	989	9.171703
1	1	L	990	9.265207
1	1	L	991	7.878913
1	1	L	992	7.922261
1	1	L	993	7.406103
1	1	L	994	8.812992
1	1	L	995	8.273592
1	1	L	996	6.906755
1	1	L	997	8.203304
1	1	L	998	7.734121
1	1	L	999	8.222016
1	1	L	1000	7.388946
1	1	L	1001	8.100161
1	1	L	1002	7.062192
1	1	L	1003	7.290975
1	1	L	1004	8.04687
1	1	L	1005	9.298809
1	1	L	1006	8.221748
1	1	L	1007	7.592366
1	1	L	1008	8.023552
1	1	L	1009	8.395026
1	1	L	1010	8.051978
1	1	L	1011	7.354362
1	1	L	1012	8.326033
1	1	L	1013	7.411556
1	1	L	1014	8.021256
1	1	L	1015	7.597898
1	1	L	1016	7.686162
1	1	L	1017	7.122867
1	1	L	1018	7.825245
1	1	L	1019	7.339538
1	1	L	1020	7.527794
1	1	L	1021	7.474772
1	1	L	1022	7.675546
1	1	L	1023	7.034388
1	1	L	1024	7.261225
1	1	L	1025	7.355002
1	1	L	1026	7.289611
1	1	L	1027	7.611842
1	1	L	1028	7.259116
1	1	L	1029	10.04063
1	1	L	1030	8.126814
1	1	L	1031	9.552369
1	1	L	1032	7.357556
1	1	L	1033	7.317212
1	1	L	1034	7.342779
1	1	L	1035	7.955425
1	1	L	1036	7.138867
1	1	L	1037	8.00236
1	1	L	1038	7.002156
1	1	L	1039	7.743703
1	1	L	1040	7.386471
1	1	L	1041	9.020269
1	1	L	1042	9.027619
1	1	L	1043	7.49887
1	1	L	1044	8.295798
1	1	L	1045	7.839919
1	1	L	1046	7.885705
1	1	L	1047	8.241703
1	1	L	1048	9.533655
1	1	L	1049	7.873978
1	1	L	1050	7.971086
1	1	L	1051	7.309881
1	1	L	1052	7.459339
1	1	L	1053	7.585789
1	1	L	1054	8.741616
1	1	L	1055	8.622814
1	1	L	1056	7.3518
1	1	L	1057	7.689371
1	1	L	1058	8.4362
1	1	L	1059	7.749753
1	1	L	1060	7.028201
1	1	L	1061	7.341484
1	1	L	1062	8.051341
1	1	L	1063	7.046647
1	1	L	1064	8.353497
1	1	L	1065	7.826842
1	1	L	1066	7.149132
1	1	L	1067	7.254885
1	1	L	1068	7.242082
1	1	L	1069	7.818832
1	1	L	1070	9.923584
1	1	L	1071	7.048386
1	1	L	1072	7.948738
1	1	L	1073	7.545918
1	1	L	1074	7.406103
1	1	L	1075	8.010692
1	1	L	1076	9.497997
1	1	L	1077	7.261927
1	1	L	1078	9.139703
1	1	L	1079	7.695303
1	1	L	1080	7.390799
1	1	L	1081	9.637893
1	1	L	1082	8.190632
1	1	L	1083	8.741456
1	1	L	1084	7.371489
1	1	L	1085	8.592672
1	1	L	1086	8.492696
1	1	L	1087	7.8411
1	1	L	1088	7.716461
1	1	L	1089	8.067463
1	1	L	1090	9.503234
1	1	L	1091	8.480114
1	1	L	1092	7.711549
1	1	L	1093	7.388946
1	1	L	1094	8.506941
1	1	L	1095	8.410276
1	1	L	1096	7.998335
1	1	L	1097	9.143666
1	1	L	1098	7.989221
1	1	L	1099	8.334231
1	1	L	1100	6.958448
1	1	L	1101	9.109746
1	1	L	1102	7.45472
1	1	L	1103	7.653495
1	1	L	1104	9.273127
1	1	L	1105	7.673223
1	1	L	1106	8.702843
1	1	L	1107	7.008505
1	1	L	1108	7.459915
1	1	L	1109	7.948385
1	1	L	1110	7.34601
1	1	L	1111	9.057306
1	1	L	1112	7.338238
1	1	L	1113	7.776115
1	1	L	1114	8.271293
1	1	L	1115	7.221105
1	1	L	1116	7.925519
1	1	L	1117	9.513773
1	1	L	1118	7.976595
1	1	L	1119	8.114325
1	1	L	1120	8.115521
1	1	L	1121	7.730614
1	1	L	1122	7.198184
1	1	L	1123	7.753624
1	1	L	1124	8.656259
1	1	L	1125	7.986845
1	1	L	1126	7.055313
1	1	L	1127	8.024207
1	1	L	1128	7.290293
1	1	L	1129	7.955074
1	1	L	1130	7.400621
1	1	L	1131	8.362175
1	1	L	1132	7.868254
1	1	L	1133	7.556951
1	1	L	1134	7.562681
1	1	L	1135	8.729882
1	1	L	1136	7.317876
1	1	L	1137	7.252054
1	1	L	1138	8.266164
1	1	L	1139	7.454141
1	1	L	1140	7.337588
1	1	L	1141	7.465083
1	1	L	1142	8.689464
1	1	L	1143	7.053586
1	1	L	1144	7.32449
1	1	L	1145	9.306287
1	1	L	1146	8.588769
1	1	L	1147	7.283448
1	1	L	1148	8.838987
1	1	L	1149	7.588324
1	1	L	1150	7.186144
1	1	L	1151	8.00102
1	1	L	1152	7.41758
1	1	L	1153	7.403061
1	1	L	1154	9.466145
1	1	L	1155	8.431199
1	1	L	1156	7.334329
1	1	L	1157	7.934872
1	1	L	1158	7.652546
1	1	L	1159	7.675546
1	1	L	1160	8.989818
1	1	L	1161	7.279319
1	1	L	1162	6.950815
1	1	L	1163	7.161622
1	1	L	1164	8.848078
1	1	L	1165	8.482809
1	1	L	1166	8.319717
1	1	L	1167	7.282074
1	1	L	1168	7.621195
1	1	L	1169	8.272315
1	1	L	1170	7.975908
1	1	L	1171	7.086738
1	1	L	1172	7.861342
1	1	L	1173	7.63868
1	1	L	1174	7.163172
1	1	L	1175	9.06068
1	1	L	1176	7.884577
1	1	L	1177	7.499977
1	1	L	1178	8.726481
1	1	L	1179	8.852665
1	1	L	1180	7.116394
1	1	L	1181	9.864435
1	1	L	1182	8.447629
1	1	L	1183	8.594339
1	1	L	1184	7.246368
1	1	L	1185	9.309643
1	1	L	1186	8.914357
1	1	L	1187	9.502114
1	1	L	1188	7.261225
1	1	L	1189	7.450661
1	1	L	1190	7.018402
1	1	L	1191	7.375882
1	1	L	1192	7.237059
1	1	L	1193	8.66406
1	1	L	1194	7.242798
1	1	L	1195	7.41758
1	1	L	1196	7.25347
1	1	L	1197	7.639161
1	1	L	1198	8.684739
1	1	L	1199	7.424762
1	1	L	1200	9.629971
1	1	L	1201	7.616776
1	1	L	1202	7.052721
1	1	L	1203	7.724447
1	1	L	1204	7.444249
1	1	L	1205	7.874359
1	1	L	1206	7.32185
1	1	L	1207	8.120589
1	1	L	1208	9.508072
1	1	L	1209	6.908755
1	1	L	1210	7.288928
1	1	L	1211	7.566311
1	1	L	1212	7.974189
1	1	L	1213	7.734121
1	1	L	1214	10.05479
1	1	L	1215	7.845024
1	1	L	1216	8.469472
1	1	L	1217	8.554489
1	1	L	1218	8.465689
1	1	L	1219	8.257386
1	1	L	1220	8.973225
1	1	L	1221	8.288786
1	1	L	1222	8.859931
1	1	L	1223	10.43925
1	1	L	1224	10.52379
1	1	L	1225	11.04493
1	1	L	1226	7.197435
1	1	L	1227	8.922792
1	1	L	1228	9.067624
1	1	L	1229	10.23523
1	1	L	1230	7.360104
1	1	L	1231	8.00169
1	1	L	1232	7.138867
1	1	L	1233	9.57018
1	1	L	1234	9.427224
1	1	L	1235	10.44552
1	1	L	1236	9.821301
1	1	L	1237	9.637176
1	1	L	1238	7.852828
1	1	L	1239	7.825645
1	1	L	1240	8.187299
1	1	L	1241	8.865876
1	1	L	1242	10.94088
1	1	L	1243	8.038512
1	1	L	1244	8.713582
1	1	L	1245	9.828656
1	1	L	1246	9.772809
1	1	L	1247	10.34444
1	1	L	1248	7.081709
1	1	L	1249	7.704361
1	1	L	1250	9.882877
1	1	L	1251	9.609385
1	1	L	1252	9.263502
1	1	L	1253	9.338646
1	1	L	1254	9.75185
1	1	L	1255	8.181161
1	1	L	1256	10.4212
1	1	L	1257	10.11269
1	1	L	1258	7.434848
1	1	L	1259	7.392032
1	1	L	1260	8.984944
1	1	L	1261	8.288786
1	1	L	1262	9.81411
1	1	L	1263	9.788974
1	1	L	1264	9.908226
1	1	L	1265	9.144201
1	1	L	1266	10.63746
1	1	L	1267	10.98395
1	1	L	1268	9.195836
1	1	L	1269	9.886647
1	1	L	1270	9.872461
1	1	L	1271	8.968269
1	1	L	1272	10.62281
1	1	L	1273	7.329094
1	1	L	1274	9.386476
1	1	L	1275	7.33106
1	1	L	1276	7.413367
1	1	L	1277	9.490696
1	1	L	1278	7.871693
1	1	L	1279	7.349874
1	1	L	1280	9.159468
1	1	L	1281	8.114624
1	1	L	1282	7.40001
1	1	L	1283	10.22325
1	1	L	1284	9.01396
1	1	L	1285	7.676937
1	1	L	1286	7.330405
1	2	M	1	8.218787
1	2	M	2	8.574518
1	2	M	3	8.898639
1	2	M	4	8.984443
1	2	M	5	7.995307
1	2	M	6	8.093768
1	2	M	7	8.666303
1	2	M	8	7.748029
1	2	M	9	8.84087
1	2	M	10	8.34593
1	2	M	11	7.667158
1	2	M	12	9.294773
1	2	M	13	9.294773
1	2	M	14	8.951699
1	2	M	15	9.573733
1	2	M	16	9.573733
1	2	M	17	8.081475
1	2	M	18	9.791382
1	2	M	19	7.686621
1	2	M	20	8.160518
1	2	M	21	8.739376
1	2	M	22	7.604894
1	2	M	23	8.365672
1	2	M	24	7.429521
1	2	M	25	9.034557
1	2	M	26	7.497762
1	2	M	27	8.006368
1	2	M	28	7.409742
1	2	M	29	8.562167
1	2	M	30	8.219326
1	2	M	31	8.219326
1	2	M	32	8.056744
1	2	M	33	8.938532
1	2	M	34	8.090096
1	2	M	35	7.248504
1	2	M	36	9.206031
1	2	M	37	8.586346
1	2	M	38	9.159573
1	2	M	39	7.47817
1	2	M	40	7.805067
1	2	M	41	7.782807
1	2	M	42	7.871693
1	2	M	43	7.614805
1	2	M	44	9.60716
1	2	M	45	8.950533
1	2	M	46	8.39976
1	2	M	47	7.754482
1	2	M	48	8.304742
1	2	M	49	7.947325
1	2	M	50	7.53743
1	2	M	51	7.472501
1	2	M	52	7.326466
1	2	M	53	7.746301
1	2	M	54	8.511577
1	2	M	55	7.900266
1	2	M	56	7.579679
1	2	M	57	7.819234
1	2	M	58	7.542744
1	2	M	59	7.546974
1	2	M	60	7.8842
1	2	M	61	7.757906
1	2	M	62	7.861727
1	2	M	63	8.623893
1	2	M	64	8.014336
1	2	M	65	8.525955
1	2	M	66	7.186901
1	2	M	67	7.34601
1	2	M	68	7.386471
1	2	M	69	7.399398
1	2	M	70	10.21453
1	2	M	71	9.191056
1	2	M	72	9.743436
1	2	M	73	9.25033
1	2	M	74	8.229778
1	2	M	75	7.657283
1	2	M	76	8.264106
1	2	M	77	8.774158
1	2	M	78	8.231376
1	2	M	79	7.912057
1	2	M	80	8.420242
1	2	M	81	8.920523
1	2	M	82	7.675082
1	2	M	83	8.076826
1	2	M	84	7.697575
1	2	M	85	8.222822
1	2	M	86	8.081475
1	2	M	87	9.433244
1	2	M	88	7.678326
1	2	M	89	8.159661
1	2	M	90	7.32975
1	2	M	91	7.156956
1	2	M	92	8.162231
1	2	M	93	7.982416
1	2	M	94	8.420021
1	2	M	95	8.241703
1	2	M	96	7.543803
1	2	M	97	7.775276
1	2	M	98	8.570544
1	2	M	99	8.20303
1	2	M	100	8.377701
1	2	M	101	7.643004
1	2	M	102	7.722235
1	2	M	103	8.113726
1	2	M	104	8.195058
1	2	M	105	7.292337
1	2	M	106	8.226841
1	2	M	107	9.77599
1	2	M	108	7.201171
1	2	M	109	7.201171
1	2	M	110	7.271009
1	2	M	111	7.603898
1	2	M	112	11.05196
1	2	M	113	9.31668
1	2	M	114	9.195328
1	2	M	115	8.259976
1	2	M	116	7.516977
1	2	M	117	8.023225
1	2	M	118	7.712891
1	2	M	119	8.672486
1	2	M	120	8.50593
1	2	M	121	7.788626
1	2	M	122	7.674617
1	2	M	123	7.550135
1	2	M	124	7.51915
1	2	M	125	7.578145
1	2	M	126	8.439015
1	2	M	127	9.221676
1	2	M	128	7.450661
1	2	M	129	9.138737
1	2	M	130	8.543251
1	2	M	131	7.422374
1	2	M	132	9.090205
1	2	M	133	7.731931
1	2	M	134	7.537963
1	2	M	135	8.504716
1	2	M	136	8.497399
1	2	M	137	9.162829
1	2	M	138	9.44644
1	2	M	139	7.425954
1	2	M	140	7.21524
1	2	M	141	8.169903
1	2	M	142	8.073715
1	2	M	143	7.199678
1	2	M	144	7.981392
1	2	M	145	7.311218
1	2	M	146	10.2801
1	2	M	147	7.713785
1	2	M	148	7.214504
1	2	M	149	8.972083
1	2	M	150	8.131825
1	2	M	151	7.377134
1	2	M	152	7.550135
1	2	M	153	9.051931
1	2	M	154	7.579168
1	2	M	155	8.228444
1	2	M	156	8.328693
1	2	M	157	7.512071
1	2	M	158	7.534228
1	2	M	159	7.674617
1	2	M	160	8.677099
1	2	M	161	8.647695
1	2	M	162	8.537976
1	2	M	163	9.547669
1	2	M	164	9.031094
1	2	M	165	8.854522
1	2	M	166	7.491088
1	2	M	167	9.189729
1	2	M	168	8.314832
1	2	M	169	7.534763
1	2	M	170	7.336937
1	2	M	171	9.062884
1	2	M	172	7.729296
1	2	M	173	8.163086
1	2	M	174	7.574558
1	2	M	175	7.335634
1	2	M	176	9.604475
1	2	M	177	7.777793
1	2	M	178	7.533159
1	2	M	179	9.498822
1	2	M	180	7.825645
1	2	M	181	8.840146
1	2	M	182	7.590852
1	2	M	183	8.316056
1	2	M	184	8.404472
1	2	M	185	7.444833
1	2	M	186	7.577634
1	2	M	187	7.797702
1	2	M	188	7.791936
1	2	M	189	9.508295
1	2	M	190	8.636752
1	2	M	191	8.636752
1	2	M	192	7.17549
1	2	M	193	7.457609
1	2	M	194	7.567863
1	2	M	195	7.5148
1	2	M	196	7.622664
1	2	M	197	9.313709
1	2	M	198	8.795279
1	2	M	199	7.752335
1	2	M	200	7.504942
1	2	M	201	8.237215
1	2	M	202	8.858511
1	2	M	203	7.482119
1	2	M	204	8.144098
1	2	M	205	7.798933
1	2	M	206	8.014997
1	2	M	207	7.605392
1	2	M	208	7.682943
1	2	M	209	8.304
1	2	M	210	8.159375
1	2	M	211	8.206311
1	2	M	212	7.941296
1	2	M	213	7.662938
1	2	M	214	9.61807
1	2	M	215	7.682022
1	2	M	216	7.440734
1	2	M	217	9.899228
1	2	M	218	9.256651
1	2	M	219	7.712444
1	2	M	220	9.543378
1	2	M	221	8.161375
1	2	M	222	7.237059
1	2	M	223	7.513164
1	2	M	224	7.163172
1	2	M	225	7.303843
1	2	M	226	7.657755
1	2	M	227	7.569928
1	2	M	228	7.246368
1	2	M	229	7.693482
1	2	M	230	7.382746
1	2	M	231	7.385851
1	2	M	232	7.75061
1	2	M	233	9.803501
1	2	M	234	7.53048
1	2	M	235	8.112528
1	2	M	236	8.139441
1	2	M	237	7.362011
1	2	M	238	8.967249
1	2	M	239	9.424645
1	2	M	240	8.820109
1	2	M	241	9.285448
1	2	M	242	7.430114
1	2	M	243	7.5807
1	2	M	244	7.550135
1	2	M	245	8.42705
1	2	M	246	7.745003
1	2	M	247	8.349484
1	2	M	248	7.529406
1	2	M	249	9.273878
1	2	M	250	8.90367
1	2	M	251	8.578665
1	2	M	252	7.541683
1	2	M	253	9.395325
1	2	M	254	8.966484
1	2	M	255	8.181441
1	2	M	256	7.597898
1	2	M	257	7.444833
1	2	M	258	7.951559
1	2	M	259	7.830028
1	2	M	260	7.768956
1	2	M	261	7.442493
1	2	M	262	7.913887
1	2	M	263	8.099554
1	2	M	264	7.16472
1	2	M	265	7.614805
1	2	M	266	7.249215
1	2	M	267	7.400621
1	2	M	268	8.216088
1	2	M	269	7.419381
1	2	M	270	8.923325
1	2	M	271	8.155936
1	2	M	272	7.540622
1	2	M	273	8.020599
1	2	M	274	10.86664
1	2	M	275	8.289288
1	2	M	276	8.749732
1	2	M	277	7.775276
1	2	M	278	7.661998
1	2	M	279	8.37263
1	2	M	280	7.375882
1	2	M	281	9.699656
1	2	M	282	9.763075
1	2	M	283	7.882315
1	2	M	284	9.985021
1	2	M	285	8.810758
1	2	M	286	8.971575
1	2	M	287	9.572132
1	2	M	288	9.374753
1	2	M	289	7.44132
1	2	M	290	8.155936
1	2	M	291	10.20806
1	2	M	292	9.499871
1	2	M	293	10.98627
1	2	M	294	10.71497
1	2	M	295	10.20462
1	2	M	296	8.452335
1	2	M	297	8.383205
1	2	M	298	9.287579
1	2	M	299	10.77262
1	2	M	300	9.900182
1	2	M	301	8.54091
1	2	M	302	9.640173
1	2	M	303	9.454071
1	2	M	304	9.153558
1	2	M	305	8.363109
1	2	M	306	9.91886
1	2	M	307	9.486759
1	2	M	308	9.61367
1	2	M	309	9.913933
1	2	M	310	8.698014
1	2	M	311	10.76656
1	2	M	312	8.195885
1	2	M	313	10.12
1	2	M	314	8.095599
1	2	M	315	7.610853
1	2	M	316	7.647786
1	2	M	317	7.90581
1	2	M	318	7.508239
1	2	M	319	10.19597
1	2	M	320	8.053887
1	2	M	321	9.122055
1	2	M	322	8.881142
1	2	M	323	9.183894
1	2	M	324	7.70886
1	2	M	325	9.356862
1	2	M	326	7.711997
1	2	M	327	8.961623
1	2	M	328	8.595265
1	2	M	329	7.344073
1	2	M	330	7.315884
1	2	M	331	9.156412
1	2	M	332	9.343209
1	2	M	333	7.843064
1	2	M	334	7.501082
1	2	M	335	7.594381
1	2	M	336	7.811163
1	2	M	337	8.929038
1	2	M	338	8.850804
1	2	M	339	7.950502
1	2	M	340	7.567346
1	2	M	341	8.077447
1	2	M	342	7.669028
1	2	M	343	7.834788
1	2	M	344	7.791523
1	2	M	345	7.754053
1	2	M	346	7.852439
1	2	M	347	8.829519
1	2	M	348	7.741968
1	2	M	349	7.786136
1	2	M	350	9.276128
1	2	M	351	8.740817
1	2	M	352	8.396606
1	2	M	353	8.580356
1	2	M	354	10.1034
1	2	M	355	8.471777
1	2	M	356	10.25871
1	2	M	357	9.867446
1	2	M	358	10.98739
1	2	M	359	10.56007
1	2	M	360	9.79657
1	2	M	361	11.04335
1	2	M	362	9.645947
1	2	M	363	8.896451
1	2	M	364	7.99497
1	2	M	365	10.75179
1	2	M	366	11.04116
1	2	M	367	8.427706
1	2	M	368	9.773151
1	2	M	369	11.02268
1	2	M	370	8.876265
1	2	M	371	7.41998
1	2	M	372	7.63385
1	2	M	373	7.427739
1	2	M	374	7.548556
1	2	M	375	7.28413
1	2	M	376	10.85329
1	2	M	377	7.660585
1	2	M	378	7.110696
1	2	M	379	7.595387
1	2	M	380	7.32449
1	2	M	381	7.946618
1	2	M	382	8.750683
1	2	M	383	7.474772
1	2	M	384	7.50052
1	2	M	385	7.437206
1	2	M	386	7.222566
1	2	M	387	7.486053
1	2	M	388	9.387063
1	2	M	389	7.185387
1	2	M	390	7.308543
1	2	M	391	7.290975
1	2	M	392	7.100852
1	2	M	393	8.91045
1	2	M	394	7.301822
1	2	M	395	7.69257
1	2	M	396	7.413367
1	2	M	397	7.91278
1	2	M	398	7.2855
1	2	M	399	7.262629
1	2	M	400	7.451822
1	2	M	401	8.98243
1	2	M	402	9.24242
1	2	M	403	7.839526
1	2	M	404	7.73499
1	2	M	405	7.561122
1	2	M	406	8.995165
1	2	M	407	7.717351
1	2	M	408	8.332068
1	2	M	409	8.425955
1	2	M	410	9.010058
1	2	M	411	9.264544
1	2	M	412	8.811354
1	2	M	413	9.582524
1	2	M	414	7.859413
1	2	M	415	9.116689
1	2	M	416	8.595635
1	2	M	417	8.173011
1	2	M	418	9.506437
1	2	M	419	8.186743
1	2	M	420	9.44644
1	2	M	421	9.231319
1	2	M	422	8.939056
1	2	M	423	8.786762
1	2	M	424	9.018574
1	2	M	425	10.02928
1	2	M	426	7.194437
1	2	M	427	8.133881
1	2	M	428	8.105006
1	2	M	429	7.520235
1	2	M	430	10.15109
1	2	M	431	8.774931
1	2	M	432	8.508354
1	2	M	433	10.33416
1	2	M	434	8.240913
1	2	M	435	7.353082
1	2	M	436	8.002694
1	2	M	437	9.318208
1	2	M	438	8.813438
1	2	M	439	8.071843
1	2	M	440	9.167537
1	2	M	441	7.533694
1	2	M	442	7.542213
1	2	M	443	8.474703
1	2	M	444	7.397562
1	2	M	445	8.132119
1	2	M	446	8.635687
1	2	M	447	7.877397
1	2	M	448	8.469263
1	2	M	449	9.095715
1	2	M	450	9.088738
1	2	M	451	8.43685
1	2	M	452	7.704361
1	2	M	453	7.315218
1	2	M	454	8.033009
1	2	M	455	8.20303
1	2	M	456	8.573384
1	2	M	457	9.866564
1	2	M	458	10.2789
1	2	M	459	8.173575
1	2	M	460	10.9003
1	2	M	461	9.731215
1	2	M	462	7.6587
1	2	M	463	9.41295
1	2	M	464	8.50208
1	2	M	465	9.390576
1	2	M	466	8.058644
1	2	M	467	7.398174
1	2	M	468	8.98055
1	2	M	469	7.5224
1	2	M	470	7.355641
1	2	M	471	7.512071
1	2	M	472	9.543306
1	2	M	473	7.958227
1	2	M	474	8.057061
1	2	M	475	7.925158
1	2	M	476	11.07494
1	2	M	477	7.669028
1	2	M	478	7.36518
1	2	M	479	7.153834
1	2	M	480	7.674617
1	2	M	481	9.094144
1	2	M	482	7.219642
1	2	M	483	7.597898
1	2	M	484	7.379632
1	2	M	485	7.321189
1	2	M	486	9.637306
1	2	M	487	9.196444
1	2	M	488	9.500769
1	2	M	489	7.506042
1	2	M	490	7.173192
1	2	M	491	7.317876
1	2	M	492	8.944028
1	2	M	493	7.436617
1	2	M	494	9.200492
1	2	M	495	9.207035
1	2	M	496	8.812546
1	2	M	497	8.046229
1	2	M	498	7.427144
1	2	M	499	9.148359
1	2	M	500	7.61381
1	2	M	501	7.89915
1	2	M	502	7.28276
1	2	M	503	7.63337
1	2	M	504	10.1999
1	2	M	505	7.769801
1	2	M	506	8.970178
1	2	M	507	8.559678
1	2	M	508	8.188689
1	2	M	509	8.021913
1	2	M	510	7.958926
1	2	M	511	7.836765
1	2	M	512	7.383989
1	2	M	513	7.760041
1	2	M	514	8.978534
1	2	M	515	8.90014
1	2	M	516	7.692113
1	2	M	517	8.850374
1	2	M	518	9.128913
1	2	M	519	9.63358
1	2	M	520	7.408531
1	2	M	521	8.639588
1	2	M	522	9.397484
1	2	M	523	8.684232
1	2	M	524	8.098339
1	2	M	525	8.196161
1	2	M	526	8.058011
1	2	M	527	9.874419
1	2	M	528	7.84659
1	2	M	529	9.007367
1	2	M	530	8.559678
1	2	M	531	8.133587
1	2	M	532	10.00987
1	2	M	533	8.815667
1	2	M	534	8.434681
1	2	M	535	8.937613
1	2	M	536	7.99598
1	2	M	537	7.456455
1	2	M	538	9.533872
1	2	M	539	8.601718
1	2	M	540	7.529943
1	2	M	541	8.410943
1	2	M	542	9.541441
1	2	M	543	8.597667
1	2	M	544	8.281724
1	2	M	545	8.005701
1	2	M	546	7.866339
1	2	M	547	8.176392
1	2	M	548	7.586804
1	2	M	549	9.108751
1	2	M	550	7.35628
1	2	M	551	9.322865
1	2	M	552	7.654443
1	2	M	553	8.928375
1	2	M	554	7.506592
1	2	M	555	7.896925
1	2	M	556	7.447751
1	2	M	557	8.954286
1	2	M	558	8.043663
1	2	M	559	7.933797
1	2	M	560	8.143808
1	2	M	561	8.174421
1	2	M	562	7.852439
1	2	M	563	10.03605
1	2	M	564	8.152774
1	2	M	565	7.266129
1	2	M	566	7.58883
1	2	M	567	7.5224
1	2	M	568	8.722906
1	2	M	569	7.548029
1	2	M	570	8.861492
1	2	M	571	7.394493
1	2	M	572	7.627057
1	2	M	573	8.335431
1	2	M	574	9.052985
1	2	M	575	7.380256
1	2	M	576	8.749891
1	2	M	577	7.501634
1	2	M	578	9.01627
1	2	M	579	9.140883
1	2	M	580	8.115521
1	2	M	581	7.092574
1	2	M	582	7.991592
1	2	M	583	7.353082
1	2	M	584	7.551187
1	2	M	585	7.927685
1	2	M	586	8.20166
1	2	M	587	9.435163
1	2	M	588	7.455298
1	2	M	589	7.435438
1	2	M	590	7.243513
1	2	M	591	7.438384
1	2	M	592	7.30586
1	2	M	593	8.603921
1	2	M	594	8.014666
1	2	M	595	9.47899
1	2	M	596	7.975565
1	2	M	597	7.620215
1	2	M	598	7.312553
1	2	M	599	8.579792
1	2	M	600	7.28069
1	2	M	601	7.5148
1	2	M	602	7.440147
1	2	M	603	7.631432
1	2	M	604	8.934192
1	2	M	605	7.874359
1	2	M	606	7.229114
1	2	M	607	7.65302
1	2	M	608	8.507951
1	2	M	609	7.647786
1	2	M	610	7.681099
1	2	M	611	8.776476
1	2	M	612	7.905442
1	2	M	613	7.997663
1	2	M	614	8.375399
1	2	M	615	7.399398
1	2	M	616	10.40583
1	2	M	617	7.559038
1	2	M	618	8.882669
1	2	M	619	7.973844
1	2	M	620	7.715124
1	2	M	621	9.057422
1	2	M	622	7.390181
1	2	M	623	7.988543
1	2	M	624	8.71588
1	2	M	625	7.752765
1	2	M	626	7.280697
1	2	M	627	7.269617
1	2	M	628	7.782807
1	2	M	629	8.29455
1	2	M	630	8.194229
1	2	M	631	9.270494
1	2	M	632	8.923191
1	2	M	633	7.404279
1	2	M	634	7.35628
1	2	M	635	7.512071
1	2	M	636	7.72533
1	2	M	637	8.544808
1	2	M	638	8.24722
1	2	M	639	8.586533
1	2	M	640	9.457122
1	2	M	641	9.315601
1	2	M	642	7.353082
1	2	M	643	7.677864
1	2	M	644	7.916078
1	2	M	645	7.46049
1	2	M	646	7.248504
1	2	M	647	7.301822
1	2	M	648	8.138565
1	2	M	649	7.935945
1	2	M	650	8.32288
1	2	M	651	8.101678
1	2	M	652	7.414573
1	2	M	653	7.41397
1	2	M	654	7.344073
1	2	M	655	7.65112
1	2	M	656	8.835356
1	2	M	657	8.223895
1	2	M	658	7.592366
1	2	M	659	8.177235
1	2	M	660	10.17076
1	2	M	661	8.867709
1	2	M	662	7.342779
1	2	M	663	8.919854
1	2	M	664	7.352441
1	2	M	665	8.23483
1	2	M	666	7.820841
1	2	M	667	7.957527
1	2	M	668	7.392032
1	2	M	669	7.875499
1	2	M	670	7.950855
1	2	M	671	9.265964
1	2	M	672	8.122074
1	2	M	673	8.547528
1	2	M	674	7.916443
1	2	M	675	7.412764
1	2	M	676	7.941651
1	2	M	677	8.286017
1	2	M	678	7.170888
1	2	M	679	9.227886
1	2	M	680	7.51915
1	2	M	681	7.604396
1	2	M	682	7.210818
1	2	M	683	8.521584
1	2	M	684	7.250636
1	2	M	685	7.074963
1	2	M	686	7.358831
1	2	M	687	7.3696
1	2	M	688	7.375256
1	2	M	689	7.163947
1	2	M	690	7.421776
1	2	M	691	7.33758
1	2	M	692	7.944847
1	2	M	693	8.103494
1	2	M	694	7.846199
1	2	M	695	8.862059
1	2	M	696	8.488588
1	2	M	697	8.50147
1	2	M	698	8.133294
1	2	M	699	9.237469
1	2	M	700	7.978311
1	2	M	701	7.375882
1	2	M	702	8.265393
1	2	M	703	7.821643
1	2	M	704	7.355002
1	2	M	705	8.749732
1	2	M	706	8.009363
1	2	M	707	7.8144
1	2	M	708	7.27448
1	2	M	709	8.626406
1	2	M	710	7.313887
1	2	M	711	7.30317
1	2	M	712	7.471363
1	2	M	713	9.63991
1	2	M	714	8.134174
1	2	M	715	7.817625
1	2	M	716	8.379309
1	2	M	717	7.679251
1	2	M	718	8.447414
1	2	M	719	7.334982
1	2	M	720	7.457609
1	2	M	721	7.22329
1	2	M	722	7.35436
1	2	M	723	7.198184
1	2	M	724	7.41818
1	2	M	725	7.086738
1	2	M	726	8.13211
1	2	M	727	8.799662
1	2	M	728	7.813592
1	2	M	729	8.468633
1	2	M	730	7.348588
1	2	M	731	7.238497
1	2	M	732	7.998671
1	2	M	733	8.439015
1	2	M	734	7.26543
1	2	M	735	7.356918
1	2	M	736	7.535297
1	2	M	737	7.336937
1	2	M	738	7.305188
1	2	M	739	7.355002
1	2	M	740	7.388946
1	2	M	741	7.18841
1	2	M	742	7.138867
1	2	M	743	7.45008
1	2	M	744	7.448334
1	2	M	745	7.282761
1	2	M	746	7.242082
1	2	M	747	7.262629
1	2	M	748	7.311218
1	2	M	749	8.687948
1	2	M	750	7.221836
1	2	M	751	7.341484
1	2	M	752	7.479864
1	2	M	753	8.329175
1	2	M	754	7.349231
1	2	M	755	8.645059
1	2	M	756	7.278629
1	2	M	757	8.45404
1	2	M	758	8.469053
1	2	M	759	7.643004
1	2	M	760	7.457609
1	2	M	761	8.815667
1	2	M	762	8.48529
1	2	M	763	7.726213
1	2	M	764	7.533694
1	2	M	765	7.316548
1	2	M	766	9.349493
1	2	M	767	8.041735
1	2	M	768	9.048645
1	2	M	769	8.198914
1	2	M	770	7.886833
1	2	M	771	7.994632
1	2	M	772	7.727976
1	2	M	773	6.959399
1	2	M	774	7.763871
1	2	M	775	8.828934
1	2	M	776	7.478735
1	2	M	777	7.12206
1	2	M	778	8.163656
1	2	M	779	7.489412
1	2	M	780	8.041091
1	2	M	781	8.381603
1	2	M	782	7.54009
1	2	M	783	8.187021
1	2	M	784	7.406103
1	2	M	785	7.620705
1	2	M	786	7.32052
1	2	M	787	7.570959
1	2	M	788	8.772455
1	2	M	789	8.184235
1	2	M	790	8.747352
1	2	M	791	9.426902
1	2	M	792	8.378391
1	2	M	793	7.658228
1	2	M	794	7.869019
1	2	M	795	7.578657
1	2	M	796	7.331715
1	2	M	797	7.336937
1	2	M	798	7.612337
1	2	M	799	9.694247
1	2	M	800	8.291797
1	2	M	801	7.759614
1	2	M	802	7.463363
1	2	M	803	7.390181
1	2	M	804	9.17699
1	2	M	805	7.38709
1	2	M	806	7.557473
1	2	M	807	8.756368
1	2	M	808	7.338238
1	2	M	809	7.379008
1	2	M	810	8.958926
1	2	M	811	7.849714
1	2	M	812	7.877776
1	2	M	813	8.220672
1	2	M	814	9.506883
1	2	M	815	7.374629
1	2	M	816	10.10278
1	2	M	817	7.696213
1	2	M	818	7.604396
1	2	M	819	8.015327
1	2	M	820	8.342364
1	2	M	821	8.400884
1	2	M	822	8.01036
1	2	M	823	9.230143
1	2	M	824	7.772332
1	2	M	825	7.628031
1	2	M	826	7.597898
1	2	M	827	8.229778
1	2	M	828	7.452402
1	2	M	829	7.838738
1	2	M	830	7.380879
1	2	M	831	9.232298
1	2	M	832	8.976768
1	2	M	833	7.370231
1	2	M	834	7.321189
1	2	M	835	7.497762
1	2	M	836	7.694848
1	2	M	837	7.850883
1	2	M	838	7.617268
1	2	M	839	8.652947
1	2	M	840	7.57661
1	2	M	841	7.593374
1	2	M	842	8.607582
1	2	M	843	8.088562
1	2	M	844	8.874168
1	2	M	845	7.465655
1	2	M	846	7.475906
1	2	M	847	9.065315
1	2	M	848	7.718241
1	2	M	849	7.763021
1	2	M	850	8.984067
1	2	M	851	7.454141
1	2	M	852	8.072155
1	2	M	853	7.629976
1	2	M	854	7.935587
1	2	M	855	8.13564
1	2	M	856	10.02667
1	2	M	857	8.279443
1	2	M	858	8.146709
1	2	M	859	9.497247
1	2	M	860	7.31854
1	2	M	861	8.401109
1	2	M	862	7.928766
1	2	M	863	8.836229
1	2	M	864	9.161465
1	2	M	865	8.4929
1	2	M	866	7.85205
1	2	M	867	7.613819
1	2	M	868	9.070733
1	2	M	869	8.551595
1	2	M	870	7.421178
1	2	M	871	7.982075
1	2	M	872	7.195937
1	2	M	873	7.399398
1	2	M	874	8.530702
1	2	M	875	8.969796
1	2	M	876	9.522374
1	2	M	877	8.875147
1	2	M	878	9.51
1	2	M	879	7.452402
1	2	M	880	7.556951
1	2	M	881	8.191186
1	2	M	882	7.876638
1	2	M	883	7.399398
1	2	M	884	7.719574
1	2	M	885	9.727049
1	2	M	886	9.307467
1	2	M	887	8.382747
1	2	M	888	7.148346
1	2	M	889	7.52564
1	2	M	890	7.567346
1	2	M	891	7.646831
1	2	M	892	7.133296
1	2	M	893	7.213768
1	2	M	894	8.343792
1	2	M	895	9.248118
1	2	M	896	7.454141
1	2	M	897	9.145268
1	2	M	898	8.69081
1	2	M	899	7.781973
1	2	M	900	7.396335
1	2	M	901	7.810353
1	2	M	902	7.079184
1	2	M	903	9.245128
1	2	M	904	7.685703
1	2	M	905	8.993552
1	2	M	906	8.841448
1	2	M	907	8.622634
1	2	M	908	7.66669
1	2	M	909	7.331715
1	2	M	910	9.129672
1	2	M	911	7.328437
1	2	M	912	8.957511
1	2	M	913	7.6587
1	2	M	914	7.758333
1	2	M	915	8.349721
1	2	M	916	8.159089
1	2	M	917	9.316411
1	2	M	918	8.153062
1	2	M	919	9.347141
1	2	M	920	9.174506
1	2	M	921	8.701346
1	2	M	922	8.297793
1	2	M	923	8.758098
1	2	M	924	9.038959
1	2	M	925	7.401231
1	2	M	926	7.239215
1	2	M	927	7.483807
1	2	M	928	7.422374
1	2	M	929	7.401231
1	2	M	930	8.073091
1	2	M	931	7.218177
1	2	M	932	7.367077
1	2	M	933	9.07578
1	2	M	934	8.575085
1	2	M	935	7.377134
1	2	M	936	7.805882
1	2	M	937	9.778661
1	2	M	938	8.625509
1	2	M	939	7.729296
1	2	M	940	8.814182
1	2	M	941	7.825245
1	2	M	942	9.507403
1	2	M	943	7.537963
1	2	M	944	7.406711
1	2	M	945	9.17461
1	2	M	946	9.221379
1	2	M	947	10.63388
1	2	M	948	7.519692
1	2	M	949	8.041735
1	2	M	950	8.429673
1	2	M	951	7.383989
1	2	M	952	7.905073
1	2	M	953	8.415603
1	2	M	954	9.542948
1	2	M	955	7.566311
1	2	M	956	8.674539
1	2	M	957	7.679251
1	2	M	958	8.245647
1	2	M	959	9.237372
1	2	M	960	7.536364
1	2	M	961	10.00043
1	2	M	962	7.769801
1	2	M	963	7.502738
1	2	M	964	8.919854
1	2	M	965	7.351158
1	2	M	966	7.554859
1	2	M	967	7.599902
1	2	M	968	7.851272
1	2	M	969	8.240913
1	2	M	970	7.276556
1	2	M	971	8.79875
1	2	M	972	7.53583
1	2	M	973	7.936303
1	2	M	974	7.362011
1	2	M	975	9.300181
1	2	M	976	7.452982
1	2	M	977	7.556428
1	2	M	978	8.154788
1	2	M	979	9.5872
1	2	M	980	7.44132
1	2	M	981	7.956477
1	2	M	982	8.514189
1	2	M	983	9.72579
1	2	M	984	7.565275
1	2	M	985	7.275865
1	2	M	986	7.703008
1	2	M	987	7.24065
1	2	M	988	7.962067
1	2	M	989	8.847216
1	2	M	990	9.328834
1	2	M	991	7.631432
1	2	M	992	7.633854
1	2	M	993	8.022897
1	2	M	994	7.592366
1	2	M	995	9.676712
1	2	M	996	10.82233
1	2	M	997	7.280008
1	2	M	998	8.299535
1	2	M	999	7.662468
1	2	M	1000	7.285507
1	2	M	1001	7.693026
1	2	M	1002	7.734559
1	2	M	1003	7.396335
1	2	M	1004	7.49276
1	2	M	1005	8.977146
1	2	M	1006	8.357728
1	2	M	1007	7.520776
1	2	M	1008	9.504129
1	2	M	1009	8.993303
1	2	M	1010	8.190909
1	2	M	1011	7.719574
1	2	M	1012	7.943428
1	2	M	1013	9.68794
1	2	M	1014	8.303257
1	2	M	1015	7.833204
1	2	M	1016	8.097426
1	2	M	1017	7.26892
1	2	M	1018	9.526537
1	2	M	1019	7.287561
1	2	M	1020	7.242798
1	2	M	1021	7.745003
1	2	M	1022	7.588324
1	2	M	1023	8.384119
1	2	M	1024	7.113142
1	2	M	1025	7.746301
1	2	M	1026	7.383989
1	2	M	1027	7.870548
1	2	M	1028	7.637716
1	2	M	1029	9.64497
1	2	M	1030	8.018625
1	2	M	1031	9.241161
1	2	M	1032	8.422003
1	2	M	1033	7.551712
1	2	M	1034	7.908387
1	2	M	1035	8.923858
1	2	M	1036	8.581294
1	2	M	1037	8.538367
1	2	M	1038	7.4793
1	2	M	1039	7.565275
1	2	M	1040	7.280008
1	2	M	1041	8.751791
1	2	M	1042	7.675082
1	2	M	1043	8.2247
1	2	M	1044	7.872455
1	2	M	1045	8.088869
1	2	M	1046	8.143808
1	2	M	1047	8.713911
1	2	M	1048	10.14085
1	2	M	1049	7.627544
1	2	M	1050	7.901748
1	2	M	1051	7.662468
1	2	M	1052	7.375256
1	2	M	1053	7.977625
1	2	M	1054	8.408717
1	2	M	1055	8.232706
1	2	M	1056	7.602401
1	2	M	1057	7.50769
1	2	M	1058	8.59582
1	2	M	1059	9.31731
1	2	M	1060	7.516433
1	2	M	1061	7.82044
1	2	M	1062	8.416931
1	2	M	1063	8.031385
1	2	M	1064	7.892078
1	2	M	1065	8.47512
1	2	M	1066	7.566311
1	2	M	1067	7.493317
1	2	M	1068	7.266129
1	2	M	1069	7.62657
1	2	M	1070	9.516869
1	2	M	1071	8.263075
1	2	M	1072	7.840313
1	2	M	1073	7.524021
1	2	M	1074	8.953123
1	2	M	1075	8.414939
1	2	M	1076	9.029058
1	2	M	1077	7.362011
1	2	M	1078	10.07991
1	2	M	1079	7.949444
1	2	M	1080	7.493317
1	2	M	1081	9.383201
1	2	M	1082	8.663196
1	2	M	1083	8.38389
1	2	M	1084	7.295056
1	2	M	1085	7.976252
1	2	M	1086	10.37242
1	2	M	1087	8.084254
1	2	M	1088	8.030735
1	2	M	1089	8.296297
1	2	M	1090	9.098179
1	2	M	1091	9.196546
1	2	M	1092	8.14119
1	2	M	1093	7.628031
1	2	M	1094	9.017605
1	2	M	1095	9.62417
1	2	M	1096	9.289983
1	2	M	1097	8.655214
1	2	M	1098	8.114923
1	2	M	1099	7.762171
1	2	M	1100	7.649216
1	2	M	1101	8.744488
1	2	M	1102	7.548556
1	2	M	1103	7.257708
1	2	M	1104	8.873048
1	2	M	1105	8.793157
1	2	M	1106	8.582794
1	2	M	1107	7.688455
1	2	M	1108	7.356918
1	2	M	1109	7.985825
1	2	M	1110	9.253783
1	2	M	1111	8.669914
1	2	M	1112	7.178545
1	2	M	1113	7.664347
1	2	M	1114	7.541683
1	2	M	1115	7.959276
1	2	M	1116	9.013839
1	2	M	1117	8.120589
1	2	M	1118	8.999002
1	2	M	1119	7.690286
1	2	M	1120	8.119696
1	2	M	1121	7.613325
1	2	M	1122	7.587311
1	2	M	1123	7.664347
1	2	M	1124	8.065579
1	2	M	1125	8.184514
1	2	M	1126	7.622175
1	2	M	1127	9.017605
1	2	M	1128	7.662468
1	2	M	1129	8.889446
1	2	M	1130	7.45008
1	2	M	1131	8.513787
1	2	M	1132	8.186464
1	2	M	1133	8.002025
1	2	M	1134	7.331715
1	2	M	1135	9.572968
1	2	M	1136	8.130354
1	2	M	1137	7.167038
1	2	M	1138	8.018296
1	2	M	1139	7.41397
1	2	M	1140	7.501634
1	2	M	1141	7.422374
1	2	M	1142	8.011355
1	2	M	1143	9.687382
1	2	M	1144	7.261927
1	2	M	1145	9.259226
1	2	M	1146	8.243283
1	2	M	1147	7.536897
1	2	M	1148	9.028699
1	2	M	1149	7.798523
1	2	M	1150	8.249575
1	2	M	1151	8.050065
1	2	M	1152	7.430707
1	2	M	1153	7.487734
1	2	M	1154	9.072112
1	2	M	1155	8.161375
1	2	M	1156	8.103797
1	2	M	1157	7.775276
1	2	M	1158	7.440147
1	2	M	1159	8.329658
1	2	M	1160	8.832004
1	2	M	1161	7.806696
1	2	M	1162	7.79688
1	2	M	1163	7.98956
1	2	M	1164	8.788593
1	2	M	1165	9.283033
1	2	M	1166	8.246958
1	2	M	1167	7.727094
1	2	M	1168	8.634087
1	2	M	1169	8.250881
1	2	M	1170	7.843456
1	2	M	1171	7.500529
1	2	M	1172	7.413367
1	2	M	1173	7.361375
1	2	M	1174	7.980708
1	2	M	1175	7.56008
1	2	M	1176	7.864804
1	2	M	1177	8.244071
1	2	M	1178	8.291045
1	2	M	1179	8.891924
1	2	M	1180	7.304516
1	2	M	1181	9.502189
1	2	M	1182	7.780721
1	2	M	1183	8.49597
1	2	M	1184	7.213032
1	2	M	1185	9.208038
1	2	M	1186	8.518193
1	2	M	1187	9.266343
1	2	M	1188	7.474205
1	2	M	1189	7.603898
1	2	M	1190	7.829233
1	2	M	1191	8.056427
1	2	M	1192	7.512618
1	2	M	1193	8.312626
1	2	M	1194	7.643962
1	2	M	1195	7.484369
1	2	M	1196	7.839526
1	2	M	1197	7.65681
1	2	M	1198	8.566555
1	2	M	1199	9.365034
1	2	M	1200	9.223849
1	2	M	1201	8.098339
1	2	M	1202	9.168685
1	2	M	1203	7.783641
1	2	M	1204	7.802209
1	2	M	1205	7.426549
1	2	M	1206	7.920083
1	2	M	1207	7.922986
1	2	M	1208	8.925055
1	2	M	1209	7.874359
1	2	M	1210	7.152269
1	2	M	1211	7.304516
1	2	M	1212	7.583756
1	2	M	1213	8.520787
1	2	M	1214	9.50114
1	2	M	1215	7.839132
1	2	M	1216	8.139732
1	2	M	1217	9.35876
1	2	M	1218	8.016648
1	2	M	1219	7.882692
1	2	M	1220	8.613594
1	2	M	1221	8.114025
1	2	M	1222	8.414939
1	2	M	1223	7.20117
1	2	M	1224	7.49831
1	2	M	1225	7.69712
1	2	M	1226	7.458763
1	2	M	1227	7.367077
1	2	M	1228	7.347944
1	2	M	1229	7.75491
1	2	M	1230	7.23201
1	2	M	1231	7.511525
1	2	M	1232	7.430114
1	2	M	1233	7.335634
1	2	M	1234	7.762171
1	2	M	1235	7.28687
1	2	M	1236	7.26333
1	2	M	1237	8.807023
1	2	M	1238	8.264363
1	2	M	1239	7.886833
1	2	M	1240	7.177782
1	2	M	1241	7.239933
1	2	M	1242	7.13966
1	2	M	1243	9.836546
1	2	M	1244	8.331105
1	2	M	1245	7.606885
1	2	M	1246	9.337237
1	2	M	1247	9.90003
1	2	M	1248	8.711443
1	2	M	1249	7.81843
1	2	M	1250	7.477604
1	2	M	1251	7.668094
1	2	M	1252	8.908154
1	2	M	1253	7.276556
1	2	M	1254	7.40001
1	2	M	1255	7.451822
1	2	M	1256	7.41818
1	2	M	1257	7.26192
1	2	M	1258	7.641564
1	2	M	1259	7.372118
1	2	M	1260	7.477604
1	2	M	1261	8.004032
1	2	M	1262	7.142037
1	2	M	1263	8.215277
1	2	M	1264	7.490529
1	2	M	1265	7.254178
1	2	M	1266	7.41034
1	2	M	1267	8.65329
1	2	M	1268	8.273847
1	2	M	1269	8.094073
1	2	M	1270	8.116716
1	2	M	1271	8.137688
1	2	M	1272	7.36581
1	2	M	1273	8.332068
1	2	M	1274	7.372118
1	2	M	1275	8.597113
1	2	M	1276	8.607399
1	2	M	1277	7.078342
1	2	M	1278	7.866722
1	2	M	1279	7.53583
1	2	M	1280	7.32251
1	2	M	1281	7.824446
1	2	M	1282	7.471932
1	2	M	1283	7.89729
1	2	M	1284	9.724301
1	2	M	1285	8.21094
1	2	M	1286	7.732369
2	1	M	1	8.310907
2	1	M	2	8.134174
2	1	M	3	8.140024
2	1	M	4	9.135401
2	1	M	5	7.221105
2	1	M	6	8.01235
2	1	M	7	7.400621
2	1	M	8	7.481556
2	1	M	9	7.921173
2	1	M	10	8.334472
2	1	M	11	7.06732
2	1	M	12	8.130059
2	1	M	13	8.130059
2	1	M	14	8.863616
2	1	M	15	8.270525
2	1	M	16	8.270525
2	1	M	17	8.0047
2	1	M	18	9.374583
2	1	M	19	7.893572
2	1	M	20	7.471363
2	1	M	21	8.546558
2	1	M	22	7.546974
2	1	M	23	7.284135
2	1	M	24	7.267525
2	1	M	25	8.333751
2	1	M	26	7.506042
2	1	M	27	7.201171
2	1	M	28	8.335192
2	1	M	29	7.721792
2	1	M	30	7.840706
2	1	M	31	7.840706
2	1	M	32	7.081709
2	1	M	33	8.993427
2	1	M	34	7.178545
2	1	M	35	7.09091
2	1	M	36	8.711114
2	1	M	37	7.87093
2	1	M	38	9.018574
2	1	M	39	7.474205
2	1	M	40	7.111512
2	1	M	41	7.784473
2	1	M	42	8.006368
2	1	M	43	7.184629
2	1	M	44	9.14099
2	1	M	45	7.896181
2	1	M	46	8.61432
2	1	M	47	8.02388
2	1	M	48	7.503841
2	1	M	49	6.971669
2	1	M	50	7.125283
2	1	M	51	7.144407
2	1	M	52	6.950815
2	1	M	53	7.283448
2	1	M	54	7.618251
2	1	M	55	8.108623
2	1	M	56	8.153925
2	1	M	57	7.295056
2	1	M	58	7.486613
2	1	M	59	7.449498
2	1	M	60	8.005701
2	1	M	61	8.417594
2	1	M	62	8.087025
2	1	M	63	8.452548
2	1	M	64	8.523374
2	1	M	65	7.971776
2	1	M	66	7.185387
2	1	M	67	7.558517
2	1	M	68	7.226936
2	1	M	69	7.187657
2	1	M	70	9.01127
2	1	M	71	8.693497
2	1	M	72	8.371705
2	1	M	73	9.412873
2	1	M	74	7.589842
2	1	M	75	7.477604
2	1	M	76	7.509335
2	1	M	77	7.509335
2	1	M	78	7.110696
2	1	M	79	7.991592
2	1	M	80	7.350516
2	1	M	81	9.06242
2	1	M	82	7.629004
2	1	M	83	7.498316
2	1	M	84	8.004032
2	1	M	85	7.497762
2	1	M	86	7.563201
2	1	M	87	7.211557
2	1	M	88	7.236339
2	1	M	89	8.22121
2	1	M	90	7.036148
2	1	M	91	7.005789
2	1	M	92	8.297793
2	1	M	93	7.325808
2	1	M	94	8.118803
2	1	M	95	7.357556
2	1	M	96	7.543273
2	1	M	97	7.422971
2	1	M	98	7.344719
2	1	M	99	7.351158
2	1	M	100	7.720905
2	1	M	101	7.869019
2	1	M	102	7.663408
2	1	M	103	7.880048
2	1	M	104	7.582229
2	1	M	105	7.873598
2	1	M	106	7.323171
2	1	M	107	9.21373
2	1	M	108	7.192182
2	1	M	109	7.192182
2	1	M	110	7.63627
2	1	M	111	7.764296
2	1	M	112	10.631
2	1	M	113	8.848078
2	1	M	114	9.127937
2	1	M	115	8.334472
2	1	M	116	7.248504
2	1	M	117	8.301273
2	1	M	118	8.1665
2	1	M	119	8.136811
2	1	M	120	8.144389
2	1	M	121	8.121183
2	1	M	122	7.462215
2	1	M	123	8.125335
2	1	M	124	7.038784
2	1	M	125	7.997663
2	1	M	126	7.525101
2	1	M	127	8.396606
2	1	M	128	7.236339
2	1	M	129	8.440312
2	1	M	130	8.069029
2	1	M	131	7.954372
2	1	M	132	8.342125
2	1	M	133	7.068172
2	1	M	134	8.01235
2	1	M	135	8.859931
2	1	M	136	8.01036
2	1	M	137	9.517752
2	1	M	138	9.011646
2	1	M	139	7.993282
2	1	M	140	6.945051
2	1	M	141	8.687779
2	1	M	142	7.512618
2	1	M	143	7.475339
2	1	M	144	8.264878
2	1	M	145	7.76811
2	1	M	146	10.046
2	1	M	147	6.875232
2	1	M	148	6.910751
2	1	M	149	8.582044
2	1	M	150	8.938794
2	1	M	151	7.298445
2	1	M	152	7.629004
2	1	M	153	7.88871
2	1	M	154	6.900731
2	1	M	155	8.260493
2	1	M	156	7.3473
2	1	M	157	7.159292
2	1	M	158	7.108244
2	1	M	159	7.372746
2	1	M	160	8.956609
2	1	M	161	8.06809
2	1	M	162	7.988882
2	1	M	163	8.88917
2	1	M	164	9.431883
2	1	M	165	8.809266
2	1	M	166	7.238497
2	1	M	167	9.142918
2	1	M	168	8.859221
2	1	M	169	6.957497
2	1	M	170	7.036148
2	1	M	171	8.378621
2	1	M	172	8.823059
2	1	M	173	7.159292
2	1	M	174	7.320527
2	1	M	175	7.49276
2	1	M	176	8.988446
2	1	M	177	7.61776
2	1	M	178	7.936303
2	1	M	179	8.572817
2	1	M	180	8.487352
2	1	M	181	8.181441
2	1	M	182	7.483807
2	1	M	183	7.703008
2	1	M	184	8.051022
2	1	M	185	7.160069
2	1	M	186	8.328693
2	1	M	187	7.442493
2	1	M	188	8.241703
2	1	M	189	8.747352
2	1	M	190	8.968014
2	1	M	191	8.968014
2	1	M	192	7.090077
2	1	M	193	7.068172
2	1	M	194	8.101678
2	1	M	195	8.000014
2	1	M	196	7.257003
2	1	M	197	8.559678
2	1	M	198	8.148446
2	1	M	199	7.18007
2	1	M	200	7.101676
2	1	M	201	7.225481
2	1	M	202	7.480992
2	1	M	203	7.198184
2	1	M	204	8.697513
2	1	M	205	7.313887
2	1	M	206	8.567316
2	1	M	207	7.216709
2	1	M	208	7.296413
2	1	M	209	7.269617
2	1	M	210	7.23201
2	1	M	211	7.501082
2	1	M	212	7.487734
2	1	M	213	7.406103
2	1	M	214	9.258368
2	1	M	215	8.290544
2	1	M	216	7.183871
2	1	M	217	9.329101
2	1	M	218	8.645938
2	1	M	219	7.104965
2	1	M	220	8.684232
2	1	M	221	6.956545
2	1	M	222	7.342132
2	1	M	223	7.21008
2	1	M	224	7.127694
2	1	M	225	7.389564
2	1	M	226	7.074963
2	1	M	227	7.342779
2	1	M	228	6.971669
2	1	M	229	6.955593
2	1	M	230	7.049255
2	1	M	231	7.091742
2	1	M	232	6.77422
2	1	M	233	8.815667
2	1	M	234	7.317876
2	1	M	235	7.483807
2	1	M	236	7.372746
2	1	M	237	7.554335
2	1	M	238	9.570041
2	1	M	239	8.941415
2	1	M	240	9.111293
2	1	M	241	8.892886
2	1	M	242	7.369601
2	1	M	243	7.768533
2	1	M	244	7.241366
2	1	M	245	8.092851
2	1	M	246	7.567346
2	1	M	247	8.454679
2	1	M	248	7.809947
2	1	M	249	7.247793
2	1	M	250	8.39525
2	1	M	251	7.685703
2	1	M	252	6.93537
2	1	M	253	9.129998
2	1	M	254	8.618305
2	1	M	255	7.739359
2	1	M	256	7.317212
2	1	M	257	6.997596
2	1	M	258	7.486053
2	1	M	259	8.204672
2	1	M	260	7.52564
2	1	M	261	7.083388
2	1	M	262	7.538495
2	1	M	263	7.702104
2	1	M	264	6.959399
2	1	M	265	7.616776
2	1	M	266	7.16472
2	1	M	267	7.022868
2	1	M	268	8.142936
2	1	M	269	7.798523
2	1	M	270	8.739857
2	1	M	271	7.533694
2	1	M	272	7.727976
2	1	M	273	8.435115
2	1	M	274	10.9594
2	1	M	275	7.983781
2	1	M	276	8.225771
2	1	M	277	7.398786
2	1	M	278	8.009363
2	1	M	279	8.937875
2	1	M	280	6.767343
2	1	M	281	9.051931
2	1	M	282	10.04698
2	1	M	283	8.065894
2	1	M	284	9.393745
2	1	M	285	8.730206
2	1	M	286	8.572249
2	1	M	287	9.12913
2	1	M	288	8.849227
2	1	M	289	7.738488
2	1	M	290	8.299783
2	1	M	291	9.3756
2	1	M	292	8.895767
2	1	M	293	10.8768
2	1	M	294	10.7026
2	1	M	295	10.3567
2	1	M	296	8.024535
2	1	M	297	8.719807
2	1	M	298	9.024613
2	1	M	299	10.4511
2	1	M	300	9.47547
2	1	M	301	8.113127
2	1	M	302	9.100637
2	1	M	303	9.302008
2	1	M	304	8.489205
2	1	M	305	8.310169
2	1	M	306	9.26017
2	1	M	307	8.476788
2	1	M	308	9.67042
2	1	M	309	9.567665
2	1	M	310	8.208764
2	1	M	311	10.3542
2	1	M	312	7.740664
2	1	M	313	8.01763
2	1	M	314	8.109225
2	1	M	315	7.149917
2	1	M	316	7.145196
2	1	M	317	7.258412
2	1	M	318	7.615791
2	1	M	319	9.60501
2	1	M	320	7.680176
2	1	M	321	9.012133
2	1	M	322	8.773075
2	1	M	323	8.625868
2	1	M	324	8.206038
2	1	M	325	8.729235
2	1	M	326	7.495542
2	1	M	327	8.334712
2	1	M	328	8.770905
2	1	M	329	7.458763
2	1	M	330	7.189922
2	1	M	331	8.16166
2	1	M	332	8.781862
2	1	M	333	7.488853
2	1	M	334	7.044033
2	1	M	335	7.434848
2	1	M	336	7.543803
2	1	M	337	8.481566
2	1	M	338	9.237274
2	1	M	339	7.278629
2	1	M	340	7.181592
2	1	M	341	7.904704
2	1	M	342	7.032624
2	1	M	343	7.449498
2	1	M	344	7.132498
2	1	M	345	7.246368
2	1	M	346	8.246434
2	1	M	347	7.664816
2	1	M	348	7.125283
2	1	M	349	7.410952
2	1	M	350	8.830543
2	1	M	351	9.01323
2	1	M	352	7.751905
2	1	M	353	8.49167
2	1	M	354	10.0564
2	1	M	355	8.239329
2	1	M	356	9.85071
2	1	M	357	9.440499
2	1	M	358	11.0495
2	1	M	359	10.4538
2	1	M	360	9.088399
2	1	M	361	10.6042
2	1	M	362	9.056256
2	1	M	363	9.018574
2	1	M	364	7.600902
2	1	M	365	10.4442
2	1	M	366	10.6356
2	1	M	367	7.958577
2	1	M	368	9.212638
2	1	M	369	10.5095
2	1	M	370	9.198268
2	1	M	371	6.955593
2	1	M	372	6.89162
2	1	M	373	6.82546
2	1	M	374	6.804615
2	1	M	375	6.93731
2	1	M	376	10.6387
2	1	M	377	6.931472
2	1	M	378	7.134094
2	1	M	379	7.233455
2	1	M	380	6.846943
2	1	M	381	7.056175
2	1	M	382	7.995644
2	1	M	383	7.30317
2	1	M	384	6.632
2	1	M	385	6.77308
2	1	M	386	6.928538
2	1	M	387	7.758333
2	1	M	388	8.9969
2	1	M	389	6.84588
2	1	M	390	6.98379
2	1	M	391	6.846943
2	1	M	392	6.880384
2	1	M	393	6.92067
2	1	M	394	7.004882
2	1	M	395	6.72263
2	1	M	396	6.938284
2	1	M	397	7.00033
2	1	M	398	7.07834
2	1	M	399	6.955593
2	1	M	400	7.095064
2	1	M	401	8.65504
2	1	M	402	9.37041
2	1	M	403	6.694562
2	1	M	404	6.77193
2	1	M	405	7.27448
2	1	M	406	9.024733
2	1	M	407	8.307706
2	1	M	408	8.698181
2	1	M	409	8.457231
2	1	M	410	8.17611
2	1	M	411	9.388235
2	1	M	412	8.124743
2	1	M	413	9.022081
2	1	M	414	7.930925
2	1	M	415	9.294682
2	1	M	416	8.790878
2	1	M	417	7.986845
2	1	M	418	9.281451
2	1	M	419	8.888895
2	1	M	420	9.997661
2	1	M	421	8.456806
2	1	M	422	8.560061
2	1	M	423	7.906179
2	1	M	424	7.805475
2	1	M	425	9.41613
2	1	M	426	7.055313
2	1	M	427	8.544225
2	1	M	428	7.921898
2	1	M	429	6.962243
2	1	M	430	10.2875
2	1	M	431	8.162801
2	1	M	432	8.350902
2	1	M	433	9.51532
2	1	M	434	7.587311
2	1	M	435	7.862497
2	1	M	436	8.024862
2	1	M	437	9.25177
2	1	M	438	8.291296
2	1	M	439	8.303257
2	1	M	440	8.610137
2	1	M	441	6.932448
2	1	M	442	7.204149
2	1	M	443	7.869784
2	1	M	444	7.600902
2	1	M	445	7.388328
2	1	M	446	8.789965
2	1	M	447	7.494986
2	1	M	448	8.854237
2	1	M	449	8.059908
2	1	M	450	8.259976
2	1	M	451	7.158514
2	1	M	452	7.833996
2	1	M	453	7.119636
2	1	M	454	7.260523
2	1	M	455	8.087948
2	1	M	456	8.506537
2	1	M	457	10.13368
2	1	M	458	9.59199
2	1	M	459	7.794411
2	1	M	460	10.6484
2	1	M	461	9.46071
2	1	M	462	8.049746
2	1	M	463	8.7255
2	1	M	464	9.003685
2	1	M	465	8.769507
2	1	M	466	7.277248
2	1	M	467	7.600902
2	1	M	468	8.998878
2	1	M	469	7.141245
2	1	M	470	6.875232
2	1	M	471	7.868637
2	1	M	472	7.16935
2	1	M	473	8.410721
2	1	M	474	7.603898
2	1	M	475	8.078998
2	1	M	476	10.6585
2	1	M	477	7.443664
2	1	M	478	6.997596
2	1	M	479	7.185387
2	1	M	480	7.283448
2	1	M	481	8.69081
2	1	M	482	7.072422
2	1	M	483	7.106606
2	1	M	484	7.20934
2	1	M	485	7.126891
2	1	M	486	9.360139
2	1	M	487	9.257892
2	1	M	488	8.936561
2	1	M	489	7.104965
2	1	M	490	7.022868
2	1	M	491	7.141245
2	1	M	492	8.575085
2	1	M	493	7.104144
2	1	M	494	9.124456
2	1	M	495	9.05847
2	1	M	496	8.35585
2	1	M	497	7.616776
2	1	M	498	6.990257
2	1	M	499	8.66854
2	1	M	500	6.71052
2	1	M	501	6.97634
2	1	M	502	6.93634
2	1	M	503	7.098376
2	1	M	504	9.2892
2	1	M	505	7.527256
2	1	M	506	9.277625
2	1	M	507	8.969796
2	1	M	508	7.587311
2	1	M	509	7.848153
2	1	M	510	7.418781
2	1	M	511	7.848934
2	1	M	512	7.089243
2	1	M	513	7.375882
2	1	M	514	8.320205
2	1	M	515	8.61975
2	1	M	516	7.36074
2	1	M	517	8.474912
2	1	M	518	8.734399
2	1	M	519	9.152605
2	1	M	520	7.41397
2	1	M	521	7.848934
2	1	M	522	8.998384
2	1	M	523	8.379539
2	1	M	524	7.060476
2	1	M	525	8.168203
2	1	M	526	8.0047
2	1	M	527	9.646852
2	1	M	528	9.263407
2	1	M	529	8.721276
2	1	M	530	8.282989
2	1	M	531	8.150468
2	1	M	532	9.65553
2	1	M	533	8.253748
2	1	M	534	7.474772
2	1	M	535	8.380227
2	1	M	536	7.132498
2	1	M	537	7.112327
2	1	M	538	9.308283
2	1	M	539	8.195058
2	1	M	540	7.380256
2	1	M	541	8.609408
2	1	M	542	8.893573
2	1	M	543	8.29455
2	1	M	544	9.155145
2	1	M	545	8.162801
2	1	M	546	7.840706
2	1	M	547	8.682199
2	1	M	548	7.453562
2	1	M	549	8.986321
2	1	M	550	6.959399
2	1	M	551	8.489205
2	1	M	552	7.791936
2	1	M	553	8.049108
2	1	M	554	7.094235
2	1	M	555	7.323831
2	1	M	556	7.060476
2	1	M	557	8.228978
2	1	M	558	7.899153
2	1	M	559	7.575072
2	1	M	560	7.26892
2	1	M	561	7.366445
2	1	M	562	7.484369
2	1	M	563	8.93761
2	1	M	564	7.924434
2	1	M	565	7.059618
2	1	M	566	7.470794
2	1	M	567	7.643004
2	1	M	568	8.773385
2	1	M	569	7.313887
2	1	M	570	8.953381
2	1	M	571	7.245655
2	1	M	572	7.402452
2	1	M	573	7.974877
2	1	M	574	8.943898
2	1	M	575	6.93537
2	1	M	576	8.374015
2	1	M	577	7.379632
2	1	M	578	7.317876
2	1	M	579	7.313887
2	1	M	580	7.608374
2	1	M	581	7.101676
2	1	M	582	7.584773
2	1	M	583	7.183871
2	1	M	584	7.275865
2	1	M	585	7.853216
2	1	M	586	8.170469
2	1	M	587	9.25751
2	1	M	588	6.893656
2	1	M	589	6.960348
2	1	M	590	6.993933
2	1	M	591	7.178545
2	1	M	592	7.104144
2	1	M	593	8.260234
2	1	M	594	7.680637
2	1	M	595	8.83753
2	1	M	596	7.700295
2	1	M	597	7.203406
2	1	M	598	7.300473
2	1	M	599	7.835184
2	1	M	600	6.82654
2	1	M	601	7.280008
2	1	M	602	7.05445
2	1	M	603	6.99851
2	1	M	604	8.147867
2	1	M	605	7.457032
2	1	M	606	6.939254
2	1	M	607	7.053586
2	1	M	608	8.611776
2	1	M	609	7.315218
2	1	M	610	7.579168
2	1	M	611	8.076826
2	1	M	612	7.379008
2	1	M	613	7.796058
2	1	M	614	7.583756
2	1	M	615	7.267525
2	1	M	616	9.23337
2	1	M	617	7.65302
2	1	M	618	8.397283
2	1	M	619	8.148735
2	1	M	620	7.6774
2	1	M	621	8.453827
2	1	M	622	7.287561
2	1	M	623	7.436617
2	1	M	624	7.862497
2	1	M	625	7.212294
2	1	M	626	7.433075
2	1	M	627	7.490529
2	1	M	628	7.548029
2	1	M	629	8.679482
2	1	M	630	8.014666
2	1	M	631	8.846065
2	1	M	632	8.300777
2	1	M	633	7.465083
2	1	M	634	6.919684
2	1	M	635	7.071573
2	1	M	636	7.5224
2	1	M	637	8.707648
2	1	M	638	7.610358
2	1	M	639	8.456381
2	1	M	640	8.788441
2	1	M	641	8.965973
2	1	M	642	7.333676
2	1	M	643	7.219642
2	1	M	644	7.599401
2	1	M	645	7.591862
2	1	M	646	6.903747
2	1	M	647	7.292337
2	1	M	648	8.018296
2	1	M	649	7.943783
2	1	M	650	8.15823
2	1	M	651	7.999343
2	1	M	652	7.435438
2	1	M	653	7.298445
2	1	M	654	7.499977
2	1	M	655	7.515345
2	1	M	656	8.921858
2	1	M	657	8.606119
2	1	M	658	7.643483
2	1	M	659	8.174985
2	1	M	660	9.76537
2	1	M	661	8.889033
2	1	M	662	7.063904
2	1	M	663	8.789051
2	1	M	664	6.873164
2	1	M	665	8.545197
2	1	M	666	7.977282
2	1	M	667	7.839919
2	1	M	668	6.775366
2	1	M	669	7.313887
2	1	M	670	7.307873
2	1	M	671	8.729882
2	1	M	672	7.822445
2	1	M	673	8.130059
2	1	M	674	7.575585
2	1	M	675	7.013016
2	1	M	676	7.988543
2	1	M	677	8.095294
2	1	M	678	7.343426
2	1	M	679	8.653994
2	1	M	680	6.930495
2	1	M	681	7.763871
2	1	M	682	7.191429
2	1	M	683	8.492696
2	1	M	684	7.009409
2	1	M	685	6.675823
2	1	M	686	6.908755
2	1	M	687	7.00488
2	1	M	688	7.057898
2	1	M	689	7.029973
2	1	M	690	7.079184
2	1	M	691	6.70686
2	1	M	692	7.973844
2	1	M	693	7.765569
2	1	M	694	7.883446
2	1	M	695	8.443116
2	1	M	696	8.127995
2	1	M	697	8.23483
2	1	M	698	7.922986
2	1	M	699	8.754161
2	1	M	700	7.957177
2	1	M	701	7.138867
2	1	M	702	8.168486
2	1	M	703	7.70391
2	1	M	704	6.908755
2	1	M	705	8.349011
2	1	M	706	8.150179
2	1	M	707	6.997596
2	1	M	708	6.806829
2	1	M	709	8.167352
2	1	M	710	6.848005
2	1	M	711	6.954639
2	1	M	712	7.323171
2	1	M	713	8.96046
2	1	M	714	7.976939
2	1	M	715	7.7012
2	1	M	716	8.061802
2	1	M	717	7.551712
2	1	M	718	7.840706
2	1	M	719	6.977281
2	1	M	720	7.236339
2	1	M	721	6.84375
2	1	M	722	6.93342
2	1	M	723	6.763885
2	1	M	724	7.05272
2	1	M	725	6.974479
2	1	M	726	8.01697
2	1	M	727	8.728426
2	1	M	728	7.658228
2	1	M	729	8.277412
2	1	M	730	7.096721
2	1	M	731	6.759255
2	1	M	732	8.053887
2	1	M	733	8.2943
2	1	M	734	6.917706
2	1	M	735	7.277248
2	1	M	736	7.577634
2	1	M	737	7.229114
2	1	M	738	6.927558
2	1	M	739	6.760415
2	1	M	740	6.715383
2	1	M	741	6.79794
2	1	M	742	6.871091
2	1	M	743	7.488853
2	1	M	744	7.229114
2	1	M	745	6.955593
2	1	M	746	6.883463
2	1	M	747	6.986566
2	1	M	748	7.327123
2	1	M	749	8.463792
2	1	M	750	7.222566
2	1	M	751	7.120444
2	1	M	752	7.299121
2	1	M	753	8.08764
2	1	M	754	7.136483
2	1	M	755	8.310907
2	1	M	756	7.057037
2	1	M	757	8.056744
2	1	M	758	8.274612
2	1	M	759	7.424165
2	1	M	760	7.452402
2	1	M	761	8.339023
2	1	M	762	8.538955
2	1	M	763	7.830823
2	1	M	764	7.17549
2	1	M	765	7.248504
2	1	M	766	8.690138
2	1	M	767	7.53583
2	1	M	768	8.889446
2	1	M	769	8.709135
2	1	M	770	7.349874
2	1	M	771	7.728416
2	1	M	772	7.633854
2	1	M	773	6.688355
2	1	M	774	7.284135
2	1	M	775	8.839856
2	1	M	776	7.035269
2	1	M	777	6.84906
2	1	M	778	7.536897
2	1	M	779	7.678789
2	1	M	780	7.871693
2	1	M	781	8.25894
2	1	M	782	7.539559
2	1	M	783	7.215975
2	1	M	784	7.425954
2	1	M	785	7.232733
2	1	M	786	7.66528
2	1	M	787	7.170888
2	1	M	788	8.95144
2	1	M	789	7.624619
2	1	M	790	8.412721
2	1	M	791	9.104202
2	1	M	792	8.191463
2	1	M	793	7.092574
2	1	M	794	7.496652
2	1	M	795	7.491645
2	1	M	796	6.981006
2	1	M	797	7.161622
2	1	M	798	7.374629
2	1	M	799	8.825707
2	1	M	800	8.183397
2	1	M	801	7.927324
2	1	M	802	7.121252
2	1	M	803	7.277248
2	1	M	804	8.886133
2	1	M	805	7.041412
2	1	M	806	7.469084
2	1	M	807	8.714403
2	1	M	808	7.03966
2	1	M	809	7.381502
2	1	M	810	8.493105
2	1	M	811	7.791523
2	1	M	812	7.720905
2	1	M	813	8.142063
2	1	M	814	9.796125
2	1	M	815	7.26333
2	1	M	816	7.95402
2	1	M	817	7.38709
2	1	M	818	7.284821
2	1	M	819	7.364547
2	1	M	820	8.140316
2	1	M	821	8.27792
2	1	M	822	7.75491
2	1	M	823	8.968651
2	1	M	824	7.245655
2	1	M	825	7.330405
2	1	M	826	7.179308
2	1	M	827	8.114923
2	1	M	828	7.257708
2	1	M	829	7.514255
2	1	M	830	7.286876
2	1	M	831	8.995661
2	1	M	832	8.720461
2	1	M	833	7.118016
2	1	M	834	7.044905
2	1	M	835	7.728856
2	1	M	836	7.469654
2	1	M	837	7.163172
2	1	M	838	7.192934
2	1	M	839	8.226038
2	1	M	840	7.615298
2	1	M	841	7.53583
2	1	M	842	7.896181
2	1	M	843	8.413609
2	1	M	844	8.929568
2	1	M	845	7.26333
2	1	M	846	7.170888
2	1	M	847	8.736007
2	1	M	848	7.341484
2	1	M	849	7.783224
2	1	M	850	9.32349
2	1	M	851	7.751045
2	1	M	852	7.840706
2	1	M	853	6.962243
2	1	M	854	7.820038
2	1	M	855	8.516993
2	1	M	856	9.81482
2	1	M	857	8.163941
2	1	M	858	8.382747
2	1	M	859	8.754792
2	1	M	860	6.866933
2	1	M	861	8.290544
2	1	M	862	7.871311
2	1	M	863	8.601167
2	1	M	864	8.953899
2	1	M	865	8.128585
2	1	M	866	7.358831
2	1	M	867	7.250636
2	1	M	868	9.323937
2	1	M	869	8.238273
2	1	M	870	7.137278
2	1	M	871	7.831617
2	1	M	872	7.46049
2	1	M	873	7.26892
2	1	M	874	7.084226
2	1	M	875	8.321665
2	1	M	876	9.155884
2	1	M	877	8.251664
2	1	M	878	9.651752
2	1	M	879	7.997327
2	1	M	880	7.115582
2	1	M	881	8.262301
2	1	M	882	7.841493
2	1	M	883	7.080026
2	1	M	884	7.16935
2	1	M	885	9.426822
2	1	M	886	9.670735
2	1	M	887	7.882692
2	1	M	888	6.909753
2	1	M	889	7.267525
2	1	M	890	7.732808
2	1	M	891	7.538495
2	1	M	892	7.004882
2	1	M	893	7.040536
2	1	M	894	7.558517
2	1	M	895	9.122492
2	1	M	896	7.196687
2	1	M	897	9.262648
2	1	M	898	8.795279
2	1	M	899	7.329094
2	1	M	900	6.992096
2	1	M	901	7.444249
2	1	M	902	7.100852
2	1	M	903	8.443762
2	1	M	904	7.610358
2	1	M	905	8.689633
2	1	M	906	8.916774
2	1	M	907	8.707814
2	1	M	908	6.824374
2	1	M	909	6.940222
2	1	M	910	8.872627
2	1	M	911	7.179308
2	1	M	912	8.898229
2	1	M	913	7.374629
2	1	M	914	7.851272
2	1	M	915	7.930206
2	1	M	916	8.075894
2	1	M	917	8.597851
2	1	M	918	7.711997
2	1	M	919	9.166075
2	1	M	920	8.618124
2	1	M	921	8.75274
2	1	M	922	7.828835
2	1	M	923	8.143808
2	1	M	924	8.733111
2	1	M	925	7.622664
2	1	M	926	6.827629
2	1	M	927	7.130099
2	1	M	928	7.41998
2	1	M	929	7.362011
2	1	M	930	8.261785
2	1	M	931	6.839476
2	1	M	932	7.273786
2	1	M	933	8.891924
2	1	M	934	8.075272
2	1	M	935	7.138867
2	1	M	936	8.087025
2	1	M	937	9.417761
2	1	M	938	8.828201
2	1	M	939	8.340456
2	1	M	940	8.505121
2	1	M	941	7.360104
2	1	M	942	8.850804
2	1	M	943	7.571988
2	1	M	944	7.069874
2	1	M	945	8.763897
2	1	M	946	8.699848
2	1	M	947	10.5336
2	1	M	948	6.990257
2	1	M	949	8.004366
2	1	M	950	7.855545
2	1	M	951	6.603944
2	1	M	952	7.979339
2	1	M	953	8.243546
2	1	M	954	9.138737
2	1	M	955	7.59287
2	1	M	956	8.49801
2	1	M	957	6.877296
2	1	M	958	8.149891
2	1	M	959	9.392995
2	1	M	960	7.284821
2	1	M	961	10.1721
2	1	M	962	7.304516
2	1	M	963	7.529943
2	1	M	964	8.557567
2	1	M	965	7.213032
2	1	M	966	7.319865
2	1	M	967	7.836765
2	1	M	968	8.120589
2	1	M	969	7.662468
2	1	M	970	6.924612
2	1	M	971	8.24879
2	1	M	972	7.477038
2	1	M	973	7.371489
2	1	M	974	7.252762
2	1	M	975	9.194617
2	1	M	976	7.06732
2	1	M	977	7.331715
2	1	M	978	7.863651
2	1	M	979	8.185629
2	1	M	980	7.256297
2	1	M	981	7.535297
2	1	M	982	8.37609
2	1	M	983	9.33105
2	1	M	984	7.518607
2	1	M	985	7.36897
2	1	M	986	7.518064
2	1	M	987	7.124478
2	1	M	988	7.661998
2	1	M	989	8.455318
2	1	M	990	9.36982
2	1	M	991	7.424165
2	1	M	992	7.589336
2	1	M	993	7.845416
2	1	M	994	7.508239
2	1	M	995	9.030496
2	1	M	996	10.8028
2	1	M	997	7.333023
2	1	M	998	8.327243
2	1	M	999	7.521318
2	1	M	1000	7.293018
2	1	M	1001	7.142037
2	1	M	1002	7.763446
2	1	M	1003	7.046647
2	1	M	1004	7.56372
2	1	M	1005	8.526549
2	1	M	1006	8.119696
2	1	M	1007	7.396949
2	1	M	1008	10.09394
2	1	M	1009	8.25062
2	1	M	1010	7.858254
2	1	M	1011	7.482682
2	1	M	1012	7.867871
2	1	M	1013	7.275172
2	1	M	1014	7.848153
2	1	M	1015	7.36074
2	1	M	1016	8.091627
2	1	M	1017	7.188413
2	1	M	1018	7.609367
2	1	M	1019	7.12206
2	1	M	1020	7.283448
2	1	M	1021	7.663877
2	1	M	1022	7.337588
2	1	M	1023	8.427487
2	1	M	1024	7.058758
2	1	M	1025	7.409742
2	1	M	1026	7.249926
2	1	M	1027	7.013016
2	1	M	1028	7.551187
2	1	M	1029	9.25998
2	1	M	1030	7.459339
2	1	M	1031	8.380227
2	1	M	1032	8.264363
2	1	M	1033	7.502186
2	1	M	1034	7.288244
2	1	M	1035	9.219102
2	1	M	1036	8.233503
2	1	M	1037	7.964851
2	1	M	1038	7.430707
2	1	M	1039	7.034388
2	1	M	1040	7.410952
2	1	M	1041	8.43988
2	1	M	1042	7.644441
2	1	M	1043	7.941651
2	1	M	1044	7.466228
2	1	M	1045	7.962416
2	1	M	1046	8.149891
2	1	M	1047	7.912057
2	1	M	1048	9.83236
2	1	M	1049	7.266827
2	1	M	1050	7.495542
2	1	M	1051	7.850104
2	1	M	1052	7.064759
2	1	M	1053	7.436028
2	1	M	1054	8.171317
2	1	M	1055	7.935945
2	1	M	1056	7.432484
2	1	M	1057	7.355641
2	1	M	1058	8.110728
2	1	M	1059	7.596392
2	1	M	1060	7.867871
2	1	M	1061	7.459915
2	1	M	1062	8.069342
2	1	M	1063	7.600902
2	1	M	1064	7.846199
2	1	M	1065	8.554104
2	1	M	1066	7.907284
2	1	M	1067	7.272398
2	1	M	1068	7.353082
2	1	M	1069	7.488853
2	1	M	1070	8.906664
2	1	M	1071	6.939254
2	1	M	1072	7.399398
2	1	M	1073	6.966024
2	1	M	1074	7.31055
2	1	M	1075	8.469682
2	1	M	1076	8.64541
2	1	M	1077	7.025538
2	1	M	1078	9.66795
2	1	M	1079	7.799343
2	1	M	1080	7.158514
2	1	M	1081	9.092907
2	1	M	1082	8.070906
2	1	M	1083	8.219057
2	1	M	1084	7.160846
2	1	M	1085	7.414573
2	1	M	1086	9.47799
2	1	M	1087	7.788212
2	1	M	1088	7.734996
2	1	M	1089	8.063693
2	1	M	1090	8.72437
2	1	M	1091	8.965335
2	1	M	1092	7.396949
2	1	M	1093	7.675546
2	1	M	1094	8.83521
2	1	M	1095	9.333
2	1	M	1096	9.23708
2	1	M	1097	8.415603
2	1	M	1098	7.913887
2	1	M	1099	7.292337
2	1	M	1100	7.212294
2	1	M	1101	8.446127
2	1	M	1102	7.297768
2	1	M	1103	7.017506
2	1	M	1104	8.528924
2	1	M	1105	8.228711
2	1	M	1106	8.216899
2	1	M	1107	7.623642
2	1	M	1108	7.025538
2	1	M	1109	7.78904
2	1	M	1110	7.207119
2	1	M	1111	8.273592
2	1	M	1112	7.258412
2	1	M	1113	7.608374
2	1	M	1114	7.345365
2	1	M	1115	7.224753
2	1	M	1116	8.618124
2	1	M	1117	7.469654
2	1	M	1118	9.2363
2	1	M	1119	7.221105
2	1	M	1120	7.351158
2	1	M	1121	8.095599
2	1	M	1122	7.142037
2	1	M	1123	7.863651
2	1	M	1124	8.141772
2	1	M	1125	7.989899
2	1	M	1126	7.198931
2	1	M	1127	8.68186
2	1	M	1128	7.639642
2	1	M	1129	7.51915
2	1	M	1130	7.137278
2	1	M	1131	8.303505
2	1	M	1132	8.091321
2	1	M	1133	7.841886
2	1	M	1134	7.446001
2	1	M	1135	9.288412
2	1	M	1136	7.845808
2	1	M	1137	7.132498
2	1	M	1138	7.531552
2	1	M	1139	7.220374
2	1	M	1140	7.385851
2	1	M	1141	7.003065
2	1	M	1142	7.610853
2	1	M	1143	9.18019
2	1	M	1144	6.877296
2	1	M	1145	8.782783
2	1	M	1146	8.121777
2	1	M	1147	7.643483
2	1	M	1148	8.731821
2	1	M	1149	7.224025
2	1	M	1150	8.131237
2	1	M	1151	7.680176
2	1	M	1152	7.153052
2	1	M	1153	7.173958
2	1	M	1154	8.864747
2	1	M	1155	7.720905
2	1	M	1156	7.847372
2	1	M	1157	7.703459
2	1	M	1158	7.187657
2	1	M	1159	8.50025
2	1	M	1160	8.379769
2	1	M	1161	7.665753
2	1	M	1162	7.114769
2	1	M	1163	7.685244
2	1	M	1164	8.561401
2	1	M	1165	8.721928
2	1	M	1166	7.859413
2	1	M	1167	7.850883
2	1	M	1168	8.390268
2	1	M	1169	7.675082
2	1	M	1170	7.925158
2	1	M	1171	7.37086
2	1	M	1172	7.120444
2	1	M	1173	7.279319
2	1	M	1174	7.784889
2	1	M	1175	6.901737
2	1	M	1176	7.626083
2	1	M	1177	7.683404
2	1	M	1178	7.895063
2	1	M	1179	8.353968
2	1	M	1180	7.577122
2	1	M	1181	9.100749
2	1	M	1182	7.643483
2	1	M	1183	8.096513
2	1	M	1184	7.146772
2	1	M	1185	8.883502
2	1	M	1186	8.324579
2	1	M	1187	8.88142
2	1	M	1188	7.555382
2	1	M	1189	7.597396
2	1	M	1190	7.509883
2	1	M	1191	7.365813
2	1	M	1192	7.125283
2	1	M	1193	8.092545
2	1	M	1194	7.46049
2	1	M	1195	7.229114
2	1	M	1196	7.206377
2	1	M	1197	7.424762
2	1	M	1198	8.352554
2	1	M	1199	7.451822
2	1	M	1200	8.880168
2	1	M	1201	7.952967
2	1	M	1202	8.494743
2	1	M	1203	7.32449
2	1	M	1204	7.569412
2	1	M	1205	7.271704
2	1	M	1206	7.974189
2	1	M	1207	7.700748
2	1	M	1208	8.605936
2	1	M	1209	7.79688
2	1	M	1210	6.902743
2	1	M	1211	7.142037
2	1	M	1212	7.332369
2	1	M	1213	8.423542
2	1	M	1214	9.07897
2	1	M	1215	7.213768
2	1	M	1216	7.187657
2	1	M	1217	9.793394
2	1	M	1218	8.083329
2	1	M	1219	7.531552
2	1	M	1220	8.350902
2	1	M	1221	7.300473
2	1	M	1222	8.198639
2	1	M	1223	6.88755
2	1	M	1224	6.99485
2	1	M	1225	6.89365
2	1	M	1226	7.758761
2	1	M	1227	7.412764
2	1	M	1228	6.787845
2	1	M	1229	7.8501
2	1	M	1230	6.908755
2	1	M	1231	6.719013
2	1	M	1232	7.514255
2	1	M	1233	7.074117
2	1	M	1234	6.862758
2	1	M	1235	6.87316
2	1	M	1236	6.933423
2	1	M	1237	8.259717
2	1	M	1238	7.785305
2	1	M	1239	8.147578
2	1	M	1240	7.058758
2	1	M	1241	6.663133
2	1	M	1242	6.72743
2	1	M	1243	9.611731
2	1	M	1244	7.869019
2	1	M	1245	7.180831
2	1	M	1246	9.143132
2	1	M	1247	9.50024
2	1	M	1248	8.546364
2	1	M	1249	7.003974
2	1	M	1250	7.353082
2	1	M	1251	6.84588
2	1	M	1252	8.328693
2	1	M	1253	6.779922
2	1	M	1254	6.955593
2	1	M	1255	7.422374
2	1	M	1256	6.94697
2	1	M	1257	7.02908
2	1	M	1258	7.319865
2	1	M	1259	7.005789
2	1	M	1260	7.070724
2	1	M	1261	7.587311
2	1	M	1262	6.814543
2	1	M	1263	7.216709
2	1	M	1264	7.47817
2	1	M	1265	7.076654
2	1	M	1266	7.0175
2	1	M	1267	7.31055
2	1	M	1268	8.02027
2	1	M	1269	7.850104
2	1	M	1270	7.684784
2	1	M	1271	7.791523
2	1	M	1272	6.90675
2	1	M	1273	8.118803
2	1	M	1274	7.291656
2	1	M	1275	8.687442
2	1	M	1276	8.39976
2	1	M	1277	6.744059
2	1	M	1278	7.259116
2	1	M	1279	7.009409
2	1	M	1280	6.717805
2	1	M	1281	7.700748
2	1	M	1282	6.977281
2	1	M	1283	7.83122
2	1	M	1284	10.00568
2	1	M	1285	8.207129
2	1	M	1286	7.592366
2	2	L	1	8.753687
2	2	L	2	7.944847
2	2	L	3	7.597898
2	2	L	4	8.048469
2	2	L	5	7.26403
2	2	L	6	7.784889
2	2	L	7	6.867974
2	2	L	8	7.13966
2	2	L	9	7.009409
2	2	L	10	7.655864
2	2	L	11	9.223158
2	2	L	12	8.466952
2	2	L	13	8.466952
2	2	L	14	8.501673
2	2	L	15	6.753438
2	2	L	16	6.753438
2	2	L	17	7.603399
2	2	L	18	7.481556
2	2	L	19	7.416378
2	2	L	20	7.394493
2	2	L	21	8.29355
2	2	L	22	7.577634
2	2	L	23	7.285507
2	2	L	24	7.398174
2	2	L	25	7.754482
2	2	L	26	7.251345
2	2	L	27	7.36518
2	2	L	28	8.414274
2	2	L	29	7.53743
2	2	L	30	7.41998
2	2	L	31	7.41998
2	2	L	32	6.746412
2	2	L	33	7.616284
2	2	L	34	6.981006
2	2	L	35	7.267525
2	2	L	36	8.279951
2	2	L	37	7.128496
2	2	L	38	7.317876
2	2	L	39	7.375882
2	2	L	40	7.106606
2	2	L	41	9.280333
2	2	L	42	8.013343
2	2	L	43	7.32975
2	2	L	44	9.72064
2	2	L	45	7.549609
2	2	L	46	8.301025
2	2	L	47	7.586296
2	2	L	48	7.266129
2	2	L	49	6.697034
2	2	L	50	7.622175
2	2	L	51	7.05445
2	2	L	52	7.619233
2	2	L	53	8.248006
2	2	L	54	7.650645
2	2	L	55	7.813592
2	2	L	56	7.395722
2	2	L	57	7.377759
2	2	L	58	7.934872
2	2	L	59	7.134891
2	2	L	60	7.883069
2	2	L	61	7.805475
2	2	L	62	9.252537
2	2	L	63	7.510431
2	2	L	64	7.721792
2	2	L	65	7.448916
2	2	L	66	7.297768
2	2	L	67	7.63627
2	2	L	68	7.41758
2	2	L	69	7.130099
2	2	L	70	7.32317
2	2	L	71	8.004366
2	2	L	72	8.499436
2	2	L	73	7.618742
2	2	L	74	7.453562
2	2	L	75	7.214504
2	2	L	76	7.080868
2	2	L	77	6.712956
2	2	L	78	6.721426
2	2	L	79	7.03966
2	2	L	80	6.776507
2	2	L	81	7.068172
2	2	L	82	8.153637
2	2	L	83	8.028455
2	2	L	84	8.842749
2	2	L	85	7.850883
2	2	L	86	7.129298
2	2	L	87	7.191429
2	2	L	88	7.503841
2	2	L	89	8.245909
2	2	L	90	7.183871
2	2	L	91	7.607381
2	2	L	92	7.821242
2	2	L	93	8.137396
2	2	L	94	7.912423
2	2	L	95	8.031385
2	2	L	96	8.183677
2	2	L	97	7.222566
2	2	L	98	7.098376
2	2	L	99	6.911747
2	2	L	100	7.371489
2	2	L	101	7.290293
2	2	L	102	7.290975
2	2	L	103	7.104965
2	2	L	104	7.010312
2	2	L	105	8.077447
2	2	L	106	7.227662
2	2	L	107	9.3031
2	2	L	108	8.066521
2	2	L	109	8.066521
2	2	L	110	8.704502
2	2	L	111	7.700748
2	2	L	112	6.9584
2	2	L	113	8.780941
2	2	L	114	9.358329
2	2	L	115	7.411556
2	2	L	116	7.966933
2	2	L	117	8.2943
2	2	L	118	6.841615
2	2	L	119	6.957497
2	2	L	120	7.126891
2	2	L	121	8.144969
2	2	L	122	8.188411
2	2	L	123	7.281386
2	2	L	124	7.113956
2	2	L	125	7.415777
2	2	L	126	7.196687
2	2	L	127	7.49276
2	2	L	128	7.689371
2	2	L	129	7.960324
2	2	L	130	8.271037
2	2	L	131	8.369157
2	2	L	132	7.33106
2	2	L	133	6.967909
2	2	L	134	7.63868
2	2	L	135	7.695758
2	2	L	136	7.173192
2	2	L	137	7.436028
2	2	L	138	7.267525
2	2	L	139	8.032685
2	2	L	140	7.138867
2	2	L	141	8.559486
2	2	L	142	7.181592
2	2	L	143	7.494986
2	2	L	144	7.34601
2	2	L	145	7.181592
2	2	L	146	9.712
2	2	L	147	6.795706
2	2	L	148	7.645876
2	2	L	149	7.385851
2	2	L	150	7.353082
2	2	L	151	7.306531
2	2	L	152	7.093405
2	2	L	153	7.030857
2	2	L	154	7.501634
2	2	L	155	8.395703
2	2	L	156	7.222566
2	2	L	157	7.553811
2	2	L	158	8.383205
2	2	L	159	7.323831
2	2	L	160	7.984463
2	2	L	161	7.542744
2	2	L	162	7.886833
2	2	L	163	7.33106
2	2	L	164	9.889744
2	2	L	165	8.108924
2	2	L	166	7.835579
2	2	L	167	9.139811
2	2	L	168	7.515345
2	2	L	169	7.533159
2	2	L	170	7.474772
2	2	L	171	7.058758
2	2	L	172	7.40367
2	2	L	173	6.689599
2	2	L	174	8.17948
2	2	L	175	7.774856
2	2	L	176	8.055792
2	2	L	177	7.947325
2	2	L	178	7.946264
2	2	L	179	6.972606
2	2	L	180	8.4487
2	2	L	181	7.110696
2	2	L	182	7.334329
2	2	L	183	7.430707
2	2	L	184	7.786552
2	2	L	185	7.167809
2	2	L	186	7.565793
2	2	L	187	7.913521
2	2	L	188	7.698483
2	2	L	189	8.322394
2	2	L	190	7.80751
2	2	L	191	7.80751
2	2	L	192	7.593374
2	2	L	193	7.646354
2	2	L	194	6.901737
2	2	L	195	7.494986
2	2	L	196	7.32449
2	2	L	197	7.239933
2	2	L	198	8.099554
2	2	L	199	7.552762
2	2	L	200	7.474205
2	2	L	201	6.81564
2	2	L	202	7.079184
2	2	L	203	7.374002
2	2	L	204	7.062192
2	2	L	205	7.309881
2	2	L	206	8.65904
2	2	L	207	8.040125
2	2	L	208	8.418036
2	2	L	209	7.388328
2	2	L	210	6.923629
2	2	L	211	7.055313
2	2	L	212	7.151485
2	2	L	213	7.235619
2	2	L	214	7.685244
2	2	L	215	7.144407
2	2	L	216	7.373374
2	2	L	217	8.364042
2	2	L	218	7.463937
2	2	L	219	6.948897
2	2	L	220	6.903747
2	2	L	221	7.422374
2	2	L	222	7.767264
2	2	L	223	7.014814
2	2	L	224	7.336286
2	2	L	225	7.636752
2	2	L	226	6.926577
2	2	L	227	7.323831
2	2	L	228	7.659171
2	2	L	229	6.817831
2	2	L	230	7.473637
2	2	L	231	7.531016
2	2	L	232	10.9747
2	2	L	233	7.933438
2	2	L	234	7.237778
2	2	L	235	7.805882
2	2	L	236	7.001246
2	2	L	237	7.815611
2	2	L	238	8.169053
2	2	L	239	7.16935
2	2	L	240	7.101676
2	2	L	241	8.29355
2	2	L	242	7.613819
2	2	L	243	7.388946
2	2	L	244	7.662468
2	2	L	245	7.47817
2	2	L	246	7.482682
2	2	L	247	7.080026
2	2	L	248	8.050384
2	2	L	249	7.839919
2	2	L	250	9.75904
2	2	L	251	6.982863
2	2	L	252	7.616776
2	2	L	253	9.668145
2	2	L	254	8.876684
2	2	L	255	8.042378
2	2	L	256	7.824846
2	2	L	257	7.35628
2	2	L	258	8.095599
2	2	L	259	9.006264
2	2	L	260	8.351139
2	2	L	261	8.021256
2	2	L	262	8.009031
2	2	L	263	7.784473
2	2	L	264	7.347944
2	2	L	265	8.478036
2	2	L	266	7.657755
2	2	L	267	7.195187
2	2	L	268	7.606885
2	2	L	269	8.321908
2	2	L	270	8.930362
2	2	L	271	7.430707
2	2	L	272	7.280697
2	2	L	273	7.226209
2	2	L	274	7.9909
2	2	L	275	7.177019
2	2	L	276	8.029107
2	2	L	277	7.468513
2	2	L	278	8.088562
2	2	L	279	7.663408
2	2	L	280	8.043663
2	2	L	281	7.74023
2	2	L	282	8.34069
2	2	L	283	7.977968
2	2	L	284	7.636752
2	2	L	285	8.481773
2	2	L	286	8.782476
2	2	L	287	7.883446
2	2	L	288	8.129175
2	2	L	289	7.835579
2	2	L	290	9.124456
2	2	L	291	8.16621
2	2	L	292	7.628031
2	2	L	293	7.5411
2	2	L	294	9.0507
2	2	L	295	8.9241
2	2	L	296	7.801391
2	2	L	297	9.891516
2	2	L	298	8.152774
2	2	L	299	8.6867
2	2	L	300	8.560253
2	2	L	301	8.824825
2	2	L	302	7.485492
2	2	L	303	8.434246
2	2	L	304	8.972337
2	2	L	305	9.633907
2	2	L	306	9.38101
2	2	L	307	7.669495
2	2	L	308	8.721276
2	2	L	309	8.137103
2	2	L	310	8.329899
2	2	L	311	7.6319
2	2	L	312	7.123673
2	2	L	313	9.18276
2	2	L	314	7.301822
2	2	L	315	6.771936
2	2	L	316	8.211483
2	2	L	317	7.447168
2	2	L	318	7.574045
2	2	L	319	8.86728
2	2	L	320	7.502738
2	2	L	321	9.263312
2	2	L	322	9.018211
2	2	L	323	7.398786
2	2	L	324	7.195937
2	2	L	325	8.573195
2	2	L	326	7.125283
2	2	L	327	7.535297
2	2	L	328	6.88551
2	2	L	329	7.213768
2	2	L	330	7.412764
2	2	L	331	7.470224
2	2	L	332	7.762171
2	2	L	333	7.684784
2	2	L	334	6.922644
2	2	L	335	7.16935
2	2	L	336	7.396949
2	2	L	337	6.915723
2	2	L	338	8.024862
2	2	L	339	7.044905
2	2	L	340	7.120444
2	2	L	341	7.764296
2	2	L	342	8.957768
2	2	L	343	6.981006
2	2	L	344	6.836259
2	2	L	345	6.884487
2	2	L	346	7.113956
2	2	L	347	7.183871
2	2	L	348	6.96885
2	2	L	349	7.080026
2	2	L	350	8.156223
2	2	L	351	7.991254
2	2	L	352	7.299121
2	2	L	353	7.572503
2	2	L	354	8.0557
2	2	L	355	7.349874
2	2	L	356	7.23633
2	2	L	357	7.080026
2	2	L	358	7.7968
2	2	L	359	7.2534
2	2	L	360	7.377134
2	2	L	361	7.5065
2	2	L	362	7.611348
2	2	L	363	7.765145
2	2	L	364	8.198089
2	2	L	365	7.6251
2	2	L	366	7.3626
2	2	L	367	6.840547
2	2	L	368	7.967973
2	2	L	369	7.085
2	2	L	370	7.842671
2	2	L	371	9.691284
2	2	L	372	9.08102
2	2	L	373	8.759982
2	2	L	374	9.150484
2	2	L	375	10.197
2	2	L	376	8.1585
2	2	L	377	7.810758
2	2	L	378	9.477845
2	2	L	379	9.658418
2	2	L	380	9.119868
2	2	L	381	9.624633
2	2	L	382	6.909753
2	2	L	383	7.78904
2	2	L	384	9.06531
2	2	L	385	9.445571
2	2	L	386	9.502039
2	2	L	387	9.508517
2	2	L	388	8.952347
2	2	L	389	9.32036
2	2	L	390	9.113829
2	2	L	391	9.389825
2	2	L	392	9.909022
2	2	L	393	10.7595
2	2	L	394	9.126524
2	2	L	395	8.854379
2	2	L	396	9.376448
2	2	L	397	10.4862
2	2	L	398	10.5623
2	2	L	399	9.178127
2	2	L	400	8.714732
2	2	L	401	10.1015
2	2	L	402	10.1223
2	2	L	403	8.898092
2	2	L	404	9.22877
2	2	L	405	7.746733
2	2	L	406	8.282483
2	2	L	407	7.760467
2	2	L	408	7.646831
2	2	L	409	7.93523
2	2	L	410	7.309881
2	2	L	411	7.90581
2	2	L	412	6.904751
2	2	L	413	7.705713
2	2	L	414	8.635332
2	2	L	415	8.189245
2	2	L	416	7.611348
2	2	L	417	7.971431
2	2	L	418	8.854522
2	2	L	419	8.531688
2	2	L	420	8.367997
2	2	L	421	7.490529
2	2	L	422	7.190676
2	2	L	423	8.332308
2	2	L	424	6.867974
2	2	L	425	8.4534
2	2	L	426	7.874359
2	2	L	427	7.390799
2	2	L	428	8.143227
2	2	L	429	6.878326
2	2	L	430	29.1594
2	2	L	431	7.176255
2	2	L	432	7.53583
2	2	L	433	8.73004
2	2	L	434	7.410952
2	2	L	435	7.160069
2	2	L	436	6.960348
2	2	L	437	8.134468
2	2	L	438	7.854769
2	2	L	439	7.624619
2	2	L	440	7.050123
2	2	L	441	7.626083
2	2	L	442	7.347944
2	2	L	443	7.689829
2	2	L	444	7.390181
2	2	L	445	7.875499
2	2	L	446	8.346168
2	2	L	447	7.451822
2	2	L	448	7.393263
2	2	L	449	7.971431
2	2	L	450	7.083388
2	2	L	451	7.605392
2	2	L	452	7.462215
2	2	L	453	7.807917
2	2	L	454	6.929517
2	2	L	455	7.900266
2	2	L	456	7.517521
2	2	L	457	7.46508
2	2	L	458	8.45638
2	2	L	459	7.643962
2	2	L	460	7.822
2	2	L	461	8.546364
2	2	L	462	7.963808
2	2	L	463	9.36999
2	2	L	464	7.691657
2	2	L	465	7.739794
2	2	L	466	6.788972
2	2	L	467	8.310169
2	2	L	468	8.053569
2	2	L	469	7.810353
2	2	L	470	7.315218
2	2	L	471	7.131699
2	2	L	472	8.493515
2	2	L	473	7.974189
2	2	L	474	7.226936
2	2	L	475	8.322637
2	2	L	476	7.4181
2	2	L	477	7.104965
2	2	L	478	7.991931
2	2	L	479	8.175266
2	2	L	480	7.586804
2	2	L	481	8.596374
2	2	L	482	8.03625
2	2	L	483	7.536364
2	2	L	484	7.103322
2	2	L	485	8.157944
2	2	L	486	8.135933
2	2	L	487	8.135054
2	2	L	488	7.480428
2	2	L	489	6.999422
2	2	L	490	7.173192
2	2	L	491	7.344073
2	2	L	492	7.77191
2	2	L	493	7.159292
2	2	L	494	8.108322
2	2	L	495	7.950502
2	2	L	496	8.745125
2	2	L	497	7.504942
2	2	L	498	7.669028
2	2	L	499	7.666222
2	2	L	500	10.6561
2	2	L	501	10.9928
2	2	L	502	10.6818
2	2	L	503	7.213032
2	2	L	504	9.0286
2	2	L	505	6.719013
2	2	L	506	7.882692
2	2	L	507	7.266827
2	2	L	508	7.155396
2	2	L	509	8.4242
2	2	L	510	8.023552
2	2	L	511	7.167038
2	2	L	512	7.392648
2	2	L	513	7.110696
2	2	L	514	8.103797
2	2	L	515	8.406932
2	2	L	516	7.201916
2	2	L	517	8.539933
2	2	L	518	6.812345
2	2	L	519	7.385851
2	2	L	520	7.62657
2	2	L	521	7.244942
2	2	L	522	9.418086
2	2	L	523	7.732808
2	2	L	524	7.256297
2	2	L	525	7.395108
2	2	L	526	8.010028
2	2	L	527	7.393878
2	2	L	528	9.951849
2	2	L	529	7.942362
2	2	L	530	7.431892
2	2	L	531	7.247793
2	2	L	532	7.66293
2	2	L	533	7.33106
2	2	L	534	7.092574
2	2	L	535	8.47094
2	2	L	536	7.512071
2	2	L	537	7.512618
2	2	L	538	7.254178
2	2	L	539	7.26403
2	2	L	540	7.586296
2	2	L	541	7.267525
2	2	L	542	7.321189
2	2	L	543	8.243808
2	2	L	544	9.538924
2	2	L	545	7.158514
2	2	L	546	7.423568
2	2	L	547	6.879356
2	2	L	548	7.114769
2	2	L	549	8.498214
2	2	L	550	7.186144
2	2	L	551	7.234177
2	2	L	552	7.259116
2	2	L	553	7.383368
2	2	L	554	6.999422
2	2	L	555	7.088409
2	2	L	556	7.171657
2	2	L	557	8.62784
2	2	L	558	7.627544
2	2	L	559	7.984122
2	2	L	560	7.050123
2	2	L	561	7.081709
2	2	L	562	6.888572
2	2	L	563	7.76259
2	2	L	564	8.371242
2	2	L	565	6.964136
2	2	L	566	7.434848
2	2	L	567	7.769379
2	2	L	568	8.764522
2	2	L	569	7.113956
2	2	L	570	8.875287
2	2	L	571	7.406103
2	2	L	572	8.649274
2	2	L	573	7.06732
2	2	L	574	9.078978
2	2	L	575	7.172425
2	2	L	576	7.160069
2	2	L	577	7.207119
2	2	L	578	7.828835
2	2	L	579	8.588024
2	2	L	580	7.761319
2	2	L	581	7.459915
2	2	L	582	7.029973
2	2	L	583	7.353082
2	2	L	584	7.015712
2	2	L	585	7.620215
2	2	L	586	8.660601
2	2	L	587	8.02715
2	2	L	588	7.867106
2	2	L	589	7.702104
2	2	L	590	7.606885
2	2	L	591	7.823246
2	2	L	592	7.352441
2	2	L	593	7.596894
2	2	L	594	6.978214
2	2	L	595	9.31569
2	2	L	596	7.908387
2	2	L	597	7.110696
2	2	L	598	7.334982
2	2	L	599	6.761573
2	2	L	600	9.48925
2	2	L	601	7.180831
2	2	L	602	9.293578
2	2	L	603	8.804175
2	2	L	604	8.5897
2	2	L	605	7.689829
2	2	L	606	8.308446
2	2	L	607	6.782192
2	2	L	608	7.793174
2	2	L	609	7.444249
2	2	L	610	7.108244
2	2	L	611	8.427268
2	2	L	612	6.949856
2	2	L	613	7.325149
2	2	L	614	7.943428
2	2	L	615	7.509335
2	2	L	616	7.16239
2	2	L	617	7.027315
2	2	L	618	8.557759
2	2	L	619	8.62784
2	2	L	620	7.206377
2	2	L	621	8.737292
2	2	L	622	7.494986
2	2	L	623	7.000334
2	2	L	624	7.415777
2	2	L	625	7.657755
2	2	L	626	7.47817
2	2	L	627	6.849066
2	2	L	628	7.418181
2	2	L	629	7.696667
2	2	L	630	8.192847
2	2	L	631	9.081142
2	2	L	632	7.38461
2	2	L	633	7.532624
2	2	L	634	8.043021
2	2	L	635	7.099202
2	2	L	636	8.686767
2	2	L	637	8.032685
2	2	L	638	8.092239
2	2	L	639	8.238008
2	2	L	640	9.293854
2	2	L	641	9.299084
2	2	L	642	7.237778
2	2	L	643	6.97073
2	2	L	644	7.636752
2	2	L	645	7.659643
2	2	L	646	8.656955
2	2	L	647	8.080237
2	2	L	648	7.595387
2	2	L	649	8.36544
2	2	L	650	8.575085
2	2	L	651	7.422374
2	2	L	652	7.38709
2	2	L	653	7.641564
2	2	L	654	6.992096
2	2	L	655	6.96885
2	2	L	656	7.299797
2	2	L	657	7.657283
2	2	L	658	7.430114
2	2	L	659	7.387709
2	2	L	660	8.13651
2	2	L	661	9.126524
2	2	L	662	7.432484
2	2	L	663	8.871926
2	2	L	664	7.262629
2	2	L	665	7.50329
2	2	L	666	7.566311
2	2	L	667	7.149917
2	2	L	668	7.844633
2	2	L	669	7.133296
2	2	L	670	7.271704
2	2	L	671	7.171657
2	2	L	672	7.839132
2	2	L	673	7.250636
2	2	L	674	7.674153
2	2	L	675	8.890824
2	2	L	676	8.119696
2	2	L	677	7.537963
2	2	L	678	9.561208
2	2	L	679	9.204624
2	2	L	680	8.196437
2	2	L	681	7.025538
2	2	L	682	7.632401
2	2	L	683	7.967973
2	2	L	684	9.84225
2	2	L	685	8.288534
2	2	L	686	9.334591
2	2	L	687	9.91763
2	2	L	688	9.03789
2	2	L	689	8.267706
2	2	L	690	7.453562
2	2	L	691	9.84728
2	2	L	692	7.455298
2	2	L	693	7.176255
2	2	L	694	7.654917
2	2	L	695	8.971829
2	2	L	696	8.01235
2	2	L	697	6.898715
2	2	L	698	7.429521
2	2	L	699	7.535297
2	2	L	700	7.786967
2	2	L	701	7.375882
2	2	L	702	8.886824
2	2	L	703	7.644441
2	2	L	704	7.956477
2	2	L	705	7.557473
2	2	L	706	7.926242
2	2	L	707	9.333089
2	2	L	708	7.411556
2	2	L	709	8.532082
2	2	L	710	7.569928
2	2	L	711	7.37086
2	2	L	712	7.224753
2	2	L	713	9.02977
2	2	L	714	7.996317
2	2	L	715	7.803843
2	2	L	716	7.424165
2	2	L	717	7.421776
2	2	L	718	8.072779
2	2	L	719	7.566311
2	2	L	720	7.090077
2	2	L	721	9.4913
2	2	L	722	9.57595
2	2	L	723	7.262629
2	2	L	724	10.3395
2	2	L	725	7.963808
2	2	L	726	9.42003
2	2	L	727	6.841615
2	2	L	728	7.297091
2	2	L	729	8.602453
2	2	L	730	7.46049
2	2	L	731	9.399803
2	2	L	732	8.232972
2	2	L	733	7.473637
2	2	L	734	7.280697
2	2	L	735	7.527256
2	2	L	736	9.106645
2	2	L	737	7.534763
2	2	L	738	7.569412
2	2	L	739	7.913521
2	2	L	740	8.770129
2	2	L	741	9.45743
2	2	L	742	8.900958
2	2	L	743	7.543803
2	2	L	744	7.444249
2	2	L	745	8.23244
2	2	L	746	7.024649
2	2	L	747	8.26359
2	2	L	748	7.53743
2	2	L	749	8.069968
2	2	L	750	7.764721
2	2	L	751	7.903596
2	2	L	752	6.870053
2	2	L	753	8.311398
2	2	L	754	7.716906
2	2	L	755	8.678972
2	2	L	756	7.255591
2	2	L	757	7.114769
2	2	L	758	7.609367
2	2	L	759	6.683361
2	2	L	760	7.862882
2	2	L	761	8.316545
2	2	L	762	8.223895
2	2	L	763	6.844815
2	2	L	764	7.135687
2	2	L	765	7.650645
2	2	L	766	7.037028
2	2	L	767	7.049255
2	2	L	768	7.557473
2	2	L	769	7.474772
2	2	L	770	7.31854
2	2	L	771	8.048469
2	2	L	772	7.946618
2	2	L	773	8.50208
2	2	L	774	8.122668
2	2	L	775	8.592672
2	2	L	776	7.505492
2	2	L	777	9.68302
2	2	L	778	7.044905
2	2	L	779	8.188133
2	2	L	780	7.483807
2	2	L	781	9.506288
2	2	L	782	7.36328
2	2	L	783	7.5148
2	2	L	784	7.46049
2	2	L	785	7.401231
2	2	L	786	10.3728
2	2	L	787	7.053586
2	2	L	788	7.964851
2	2	L	789	7.243513
2	2	L	790	7.757479
2	2	L	791	9.443513
2	2	L	792	7.939872
2	2	L	793	6.991177
2	2	L	794	8.14119
2	2	L	795	7.385231
2	2	L	796	7.465655
2	2	L	797	7.441907
2	2	L	798	7.649216
2	2	L	799	7.967973
2	2	L	800	8.184793
2	2	L	801	8.137688
2	2	L	802	6.802395
2	2	L	803	7.696667
2	2	L	804	9.332381
2	2	L	805	7.554335
2	2	L	806	8.570734
2	2	L	807	8.055792
2	2	L	808	7.312553
2	2	L	809	7.742836
2	2	L	810	9.022323
2	2	L	811	7.398174
2	2	L	812	8.105308
2	2	L	813	7.394493
2	2	L	814	8.531293
2	2	L	815	7.549083
2	2	L	816	8.85423
2	2	L	817	7.774856
2	2	L	818	7.529406
2	2	L	819	7.367709
2	2	L	820	8.284252
2	2	L	821	7.212294
2	2	L	822	7.850883
2	2	L	823	8.498622
2	2	L	824	7.634821
2	2	L	825	8.077137
2	2	L	826	7.132498
2	2	L	827	7.142827
2	2	L	828	7.471932
2	2	L	829	7.401231
2	2	L	830	9.306287
2	2	L	831	8.913012
2	2	L	832	9.11449
2	2	L	833	7.32449
2	2	L	834	7.457609
2	2	L	835	7.036148
2	2	L	836	7.974877
2	2	L	837	7.661527
2	2	L	838	7.577634
2	2	L	839	7.414573
2	2	L	840	7.401231
2	2	L	841	7.3518
2	2	L	842	7.738924
2	2	L	843	7.291656
2	2	L	844	7.943428
2	2	L	845	7.511525
2	2	L	846	8.174421
2	2	L	847	8.266421
2	2	L	848	7.118826
2	2	L	849	7.575585
2	2	L	850	8.15191
2	2	L	851	7.558517
2	2	L	852	7.338888
2	2	L	853	7.86442
2	2	L	854	7.818028
2	2	L	855	7.506042
2	2	L	856	9.28609
2	2	L	857	6.839476
2	2	L	858	7.790282
2	2	L	859	9.118992
2	2	L	860	7.393878
2	2	L	861	7.293698
2	2	L	862	7.254178
2	2	L	863	8.412721
2	2	L	864	8.406708
2	2	L	865	7.62657
2	2	L	866	7.234177
2	2	L	867	8.085487
2	2	L	868	9.172639
2	2	L	869	8.315322
2	2	L	870	7.21891
2	2	L	871	9.148252
2	2	L	872	8.12148
2	2	L	873	7.328437
2	2	L	874	7.351158
2	2	L	875	8.069029
2	2	L	876	7.297091
2	2	L	877	8.987322
2	2	L	878	8.309923
2	2	L	879	7.693026
2	2	L	880	7.535297
2	2	L	881	7.057898
2	2	L	882	7.221836
2	2	L	883	7.686162
2	2	L	884	8.117611
2	2	L	885	8.125039
2	2	L	886	7.669495
2	2	L	887	7.021084
2	2	L	888	8.87989
2	2	L	889	7.280697
2	2	L	890	7.724447
2	2	L	891	7.849324
2	2	L	892	8.091321
2	2	L	893	8.495356
2	2	L	894	7.956126
2	2	L	895	7.945555
2	2	L	896	7.987185
2	2	L	897	8.453188
2	2	L	898	7.213032
2	2	L	899	7.26473
2	2	L	900	7.828038
2	2	L	901	8.078688
2	2	L	902	9.808737
2	2	L	903	7.439559
2	2	L	904	7.41998
2	2	L	905	8.195058
2	2	L	906	8.689633
2	2	L	907	8.220941
2	2	L	908	8.563695
2	2	L	909	7.3518
2	2	L	910	8.362175
2	2	L	911	7.798113
2	2	L	912	8.376551
2	2	L	913	8.30499
2	2	L	914	7.395108
2	2	L	915	7.217443
2	2	L	916	8.015658
2	2	L	917	8.434681
2	2	L	918	8.949105
2	2	L	919	9.380252
2	2	L	920	7.841493
2	2	L	921	9.017484
2	2	L	922	7.119636
2	2	L	923	7.177782
2	2	L	924	7.599902
2	2	L	925	9.679031
2	2	L	926	8.690474
2	2	L	927	6.864848
2	2	L	928	7.41698
2	2	L	929	7.434257
2	2	L	930	8.60282
2	2	L	931	7.20786
2	2	L	932	7.359468
2	2	L	933	7.911324
2	2	L	934	8.400884
2	2	L	935	7.237059
2	2	L	936	8.655563
2	2	L	937	7.685244
2	2	L	938	8.339979
2	2	L	939	6.950815
2	2	L	940	7.136483
2	2	L	941	7.476472
2	2	L	942	7.857481
2	2	L	943	7.913155
2	2	L	944	8.559103
2	2	L	945	8.249575
2	2	L	946	6.861711
2	2	L	947	7.5913
2	2	L	948	7.566828
2	2	L	949	7.18007
2	2	L	950	7.878534
2	2	L	951	7.591862
2	2	L	952	8.616858
2	2	L	953	6.99485
2	2	L	954	7.366445
2	2	L	955	8.252707
2	2	L	956	7.777793
2	2	L	957	7.877018
2	2	L	958	7.492203
2	2	L	959	8.542081
2	2	L	960	7.85205
2	2	L	961	9.1775
2	2	L	962	9.260273
2	2	L	963	7.192934
2	2	L	964	8.459352
2	2	L	965	7.300473
2	2	L	966	7.365813
2	2	L	967	7.756195
2	2	L	968	8.337109
2	2	L	969	7.357556
2	2	L	970	7.877397
2	2	L	971	9.5631
2	2	L	972	9.685642
2	2	L	973	7.17549
2	2	L	974	7.790696
2	2	L	975	8.180321
2	2	L	976	7.621195
2	2	L	977	7.469654
2	2	L	978	8.091627
2	2	L	979	6.99485
2	2	L	980	7.090077
2	2	L	981	6.962243
2	2	L	982	7.755767
2	2	L	983	9.25798
2	2	L	984	8.387995
2	2	L	985	8.161375
2	2	L	986	7.578145
2	2	L	987	7.669495
2	2	L	988	7.729735
2	2	L	989	8.261268
2	2	L	990	9.56374
2	2	L	991	7.377134
2	2	L	992	7.765993
2	2	L	993	7.170888
2	2	L	994	8.506132
2	2	L	995	7.488853
2	2	L	996	7.237
2	2	L	997	8.325064
2	2	L	998	7.58172
2	2	L	999	8.248529
2	2	L	1000	7.587311
2	2	L	1001	6.84375
2	2	L	1002	6.829794
2	2	L	1003	7.261225
2	2	L	1004	8.027477
2	2	L	1005	8.061487
2	2	L	1006	7.550661
2	2	L	1007	7.562162
2	2	L	1008	7.6953
2	2	L	1009	7.40001
2	2	L	1010	7.798113
2	2	L	1011	7.301822
2	2	L	1012	8.376781
2	2	L	1013	8.22791
2	2	L	1014	7.377759
2	2	L	1015	7.05445
2	2	L	1016	7.591862
2	2	L	1017	7.694393
2	2	L	1018	8.553332
2	2	L	1019	7.037028
2	2	L	1020	7.364547
2	2	L	1021	7.422374
2	2	L	1022	7.211557
2	2	L	1023	7.298445
2	2	L	1024	7.185387
2	2	L	1025	6.99851
2	2	L	1026	6.901737
2	2	L	1027	7.779467
2	2	L	1028	7.632401
2	2	L	1029	9.37678
2	2	L	1030	7.218177
2	2	L	1031	8.47094
2	2	L	1032	7.214504
2	2	L	1033	7.910591
2	2	L	1034	7.573017
2	2	L	1035	7.65112
2	2	L	1036	7.158514
2	2	L	1037	7.124478
2	2	L	1038	7.65112
2	2	L	1039	7.189922
2	2	L	1040	7.342779
2	2	L	1041	8.84058
2	2	L	1042	8.339979
2	2	L	1043	7.194437
2	2	L	1044	7.379632
2	2	L	1045	7.600402
2	2	L	1046	7.681099
2	2	L	1047	7.186144
2	2	L	1048	8.98594
2	2	L	1049	7.160846
2	2	L	1050	7.436617
2	2	L	1051	7.186901
2	2	L	1052	7.488294
2	2	L	1053	7.076654
2	2	L	1054	8.230844
2	2	L	1055	7.628031
2	2	L	1056	7.195937
2	2	L	1057	7.582229
2	2	L	1058	7.554335
2	2	L	1059	8.066208
2	2	L	1060	7.220374
2	2	L	1061	7.339538
2	2	L	1062	7.116394
2	2	L	1063	6.897705
2	2	L	1064	8.153925
2	2	L	1065	7.715124
2	2	L	1066	7.392032
2	2	L	1067	7.414573
2	2	L	1068	7.18007
2	2	L	1069	7.50769
2	2	L	1070	9.135078
2	2	L	1071	7.487734
2	2	L	1072	7.353082
2	2	L	1073	7.498316
2	2	L	1074	7.709757
2	2	L	1075	7.688455
2	2	L	1076	8.867709
2	2	L	1077	7.373374
2	2	L	1078	8.79224
2	2	L	1079	7.434257
2	2	L	1080	7.341484
2	2	L	1081	9.093582
2	2	L	1082	7.183112
2	2	L	1083	8.384576
2	2	L	1084	7.004882
2	2	L	1085	7.335634
2	2	L	1086	7.3696
2	2	L	1087	7.492203
2	2	L	1088	7.111512
2	2	L	1089	7.673223
2	2	L	1090	9.080118
2	2	L	1091	8.697012
2	2	L	1092	7.124478
2	2	L	1093	8.665958
2	2	L	1094	8.310661
2	2	L	1095	7.216709
2	2	L	1096	7.6587
2	2	L	1097	8.627661
2	2	L	1098	7.711997
2	2	L	1099	7.573017
2	2	L	1100	7.515345
2	2	L	1101	8.711937
2	2	L	1102	7.620215
2	2	L	1103	7.142037
2	2	L	1104	8.678802
2	2	L	1105	7.190676
2	2	L	1106	7.955776
2	2	L	1107	6.853299
2	2	L	1108	7.110696
2	2	L	1109	7.877018
2	2	L	1110	8.264621
2	2	L	1111	8.872768
2	2	L	1112	7.343426
2	2	L	1113	7.448334
2	2	L	1114	8.030084
2	2	L	1115	7.410347
2	2	L	1116	7.433075
2	2	L	1117	8.741776
2	2	L	1118	7.59287
2	2	L	1119	7.081709
2	2	L	1120	7.950502
2	2	L	1121	7.645876
2	2	L	1122	7.126087
2	2	L	1123	7.03966
2	2	L	1124	8.321665
2	2	L	1125	7.267525
2	2	L	1126	8.385945
2	2	L	1127	7.94591
2	2	L	1128	7.26333
2	2	L	1129	7.12206
2	2	L	1130	7.284135
2	2	L	1131	8.010028
2	2	L	1132	7.905442
2	2	L	1133	7.115582
2	2	L	1134	7.422971
2	2	L	1135	8.344743
2	2	L	1136	6.887553
2	2	L	1137	7.679714
2	2	L	1138	8.0047
2	2	L	1139	7.494986
2	2	L	1140	7.302496
2	2	L	1141	7.760467
2	2	L	1142	8.17948
2	2	L	1143	6.74876
2	2	L	1144	7.594884
2	2	L	1145	8.4472
2	2	L	1146	8.763741
2	2	L	1147	7.409136
2	2	L	1148	8.406932
2	2	L	1149	7.052721
2	2	L	1150	7.077498
2	2	L	1151	7.390799
2	2	L	1152	7.088409
2	2	L	1153	7.3473
2	2	L	1154	9.206132
2	2	L	1155	7.766841
2	2	L	1156	7.558517
2	2	L	1157	7.452982
2	2	L	1158	7.470224
2	2	L	1159	7.529406
2	2	L	1160	8.53915
2	2	L	1161	7.307873
2	2	L	1162	7.333676
2	2	L	1163	7.183112
2	2	L	1164	8.485496
2	2	L	1165	7.752765
2	2	L	1166	7.497207
2	2	L	1167	6.966024
2	2	L	1168	7.518064
2	2	L	1169	7.645398
2	2	L	1170	7.467371
2	2	L	1171	7.328437
2	2	L	1172	7.248504
2	2	L	1173	7.790282
2	2	L	1174	7.221836
2	2	L	1175	8.779711
2	2	L	1176	7.698483
2	2	L	1177	7.098376
2	2	L	1178	8.071219
2	2	L	1179	7.978311
2	2	L	1180	7.4313
2	2	L	1181	9.422544
2	2	L	1182	8.159375
2	2	L	1183	8.183956
2	2	L	1184	7.336286
2	2	L	1185	8.835647
2	2	L	1186	8.092239
2	2	L	1187	9.045937
2	2	L	1188	7.480992
2	2	L	1189	7.574045
2	2	L	1190	6.872128
2	2	L	1191	7.102499
2	2	L	1192	7.072422
2	2	L	1193	8.314832
2	2	L	1194	6.940222
2	2	L	1195	7.452402
2	2	L	1196	7.003974
2	2	L	1197	7.433667
2	2	L	1198	8.517193
2	2	L	1199	8.710455
2	2	L	1200	8.848366
2	2	L	1201	7.502186
2	2	L	1202	7.852439
2	2	L	1203	7.063904
2	2	L	1204	7.333676
2	2	L	1205	7.54009
2	2	L	1206	7.284135
2	2	L	1207	7.699842
2	2	L	1208	9.002332
2	2	L	1209	7.900266
2	2	L	1210	7.189922
2	2	L	1211	7.291656
2	2	L	1212	7.564757
2	2	L	1213	7.440734
2	2	L	1214	9.55322
2	2	L	1215	7.21524
2	2	L	1216	7.559559
2	2	L	1217	8.628913
2	2	L	1218	8.249052
2	2	L	1219	7.938802
2	2	L	1220	8.628556
2	2	L	1221	7.056175
2	2	L	1222	8.672828
2	2	L	1223	9.97799
2	2	L	1224	10.529
2	2	L	1225	10.5719
2	2	L	1226	7.071573
2	2	L	1227	8.838842
2	2	L	1228	8.909641
2	2	L	1229	9.90403
2	2	L	1230	7.145196
2	2	L	1231	8.01036
2	2	L	1232	7.26543
2	2	L	1233	9.304013
2	2	L	1234	9.102867
2	2	L	1235	10.5169
2	2	L	1236	8.547916
2	2	L	1237	9.300638
2	2	L	1238	7.709757
2	2	L	1239	7.300473
2	2	L	1240	8.164226
2	2	L	1241	7.893199
2	2	L	1242	10.0637
2	2	L	1243	7.491088
2	2	L	1244	8.274102
2	2	L	1245	9.76227
2	2	L	1246	8.488999
2	2	L	1247	10.0626
2	2	L	1248	7.372118
2	2	L	1249	8.302762
2	2	L	1250	9.752432
2	2	L	1251	9.287209
2	2	L	1252	8.674197
2	2	L	1253	8.81537
2	2	L	1254	9.318028
2	2	L	1255	7.946264
2	2	L	1256	10.5271
2	2	L	1257	9.96472
2	2	L	1258	7.687539
2	2	L	1259	7.258412
2	2	L	1260	9.098291
2	2	L	1261	7.763446
2	2	L	1262	9.67665
2	2	L	1263	9.400134
2	2	L	1264	9.880628
2	2	L	1265	9.42052
2	2	L	1266	10.5442
2	2	L	1267	10.4193
2	2	L	1268	9.016998
2	2	L	1269	9.311633
2	2	L	1270	9.249176
2	2	L	1271	8.594525
2	2	L	1272	10.0696
2	2	L	1273	7.007601
2	2	L	1274	9.343997
2	2	L	1275	7.331715
2	2	L	1276	7.024649
2	2	L	1277	8.851234
2	2	L	1278	7.353082
2	2	L	1279	7.410952
2	2	L	1280	9.019059
2	2	L	1281	7.903596
2	2	L	1282	7.616776
2	2	L	1283	9.36469
2	2	L	1284	8.65886
2	2	L	1285	7.850104
2	2	L	1286	7.481556
