Array	Dye	Tissue	Gene	ExpLevel
1	1	L	1	8.729882
1	1	L	2	8.597113
1	1	L	3	8.307953
1	1	L	4	7.818832
1	1	L	5	8.390949
1	1	L	6	8.084562
1	1	L	7	7.854381
1	1	L	8	7.259116
1	1	L	9	8.174985
1	1	L	10	8.005033
1	1	L	11	9.763075
1	1	L	12	9.127611
1	1	L	13	9.127611
1	1	L	14	9.062652
1	1	L	15	7.31322
1	1	L	16	7.31322
1	1	L	17	8.000349
1	1	L	18	8.348301
1	1	L	19	7.257003
1	1	L	20	7.817223
1	1	L	21	8.391857
1	1	L	22	7.668561
1	1	L	23	8.74767
1	1	L	24	7.272398
1	1	L	25	8.49699
1	1	L	26	7.172425
1	1	L	27	8.008033
1	1	L	28	7.363914
1	1	L	29	8.29355
1	1	L	30	7.820841
1	1	L	31	7.820841
1	1	L	32	7.655391
1	1	L	33	8.101072
1	1	L	34	8.360539
1	1	L	35	7.236339
1	1	L	36	8.89563
1	1	L	37	7.375256
1	1	L	38	7.224753
1	1	L	39	7.192182
1	1	L	40	7.51915
1	1	L	41	9.177817
1	1	L	42	8.005701
1	1	L	43	7.824046
1	1	L	44	10.00315
1	1	L	45	8.871926
1	1	L	46	8.417815
1	1	L	47	7.578145
1	1	L	48	7.835975
1	1	L	49	7.41698
1	1	L	50	7.8144
1	1	L	51	7.277248
1	1	L	52	7.271704
1	1	L	53	8.281471
1	1	L	54	8.526945
1	1	L	55	8.072779
1	1	L	56	7.280697
1	1	L	57	7.957527
1	1	L	58	7.436617
1	1	L	59	7.248504
1	1	L	60	7.789455
1	1	L	61	7.386471
1	1	L	62	9.120306
1	1	L	63	8.109526
1	1	L	64	7.558517
1	1	L	65	8.226306
1	1	L	66	7.389564
1	1	L	67	7.463937
1	1	L	68	7.538495
1	1	L	69	7.138867
1	1	L	70	6.955593
1	1	L	71	8.456168
1	1	L	72	9.151757
1	1	L	73	7.625595
1	1	L	74	7.546974
1	1	L	75	7.062192
1	1	L	76	7.276556
1	1	L	77	7.625107
1	1	L	78	7.487174
1	1	L	79	7.254885
1	1	L	80	7.451822
1	1	L	81	7.532624
1	1	L	82	8.306966
1	1	L	83	8.858226
1	1	L	84	8.700015
1	1	L	85	9.485165
1	1	L	86	7.590852
1	1	L	87	8.304247
1	1	L	88	7.569412
1	1	L	89	8.227643
1	1	L	90	7.306531
1	1	L	91	7.050123
1	1	L	92	7.912789
1	1	L	93	8.338784
1	1	L	94	7.951207
1	1	L	95	8.78048
1	1	L	96	7.922261
1	1	L	97	7.352441
1	1	L	98	8.213924
1	1	L	99	7.714231
1	1	L	100	7.721349
1	2	M	1	8.218787
1	2	M	2	8.574518
1	2	M	3	8.898639
1	2	M	4	8.984443
1	2	M	5	7.995307
1	2	M	6	8.093768
1	2	M	7	8.666303
1	2	M	8	7.748029
1	2	M	9	8.84087
1	2	M	10	8.34593
1	2	M	11	7.667158
1	2	M	12	9.294773
1	2	M	13	9.294773
1	2	M	14	8.951699
1	2	M	15	9.573733
1	2	M	16	9.573733
1	2	M	17	8.081475
1	2	M	18	9.791382
1	2	M	19	7.686621
1	2	M	20	8.160518
1	2	M	21	8.739376
1	2	M	22	7.604894
1	2	M	23	8.365672
1	2	M	24	7.429521
1	2	M	25	9.034557
1	2	M	26	7.497762
1	2	M	27	8.006368
1	2	M	28	7.409742
1	2	M	29	8.562167
1	2	M	30	8.219326
1	2	M	31	8.219326
1	2	M	32	8.056744
1	2	M	33	8.938532
1	2	M	34	8.090096
1	2	M	35	7.248504
1	2	M	36	9.206031
1	2	M	37	8.586346
1	2	M	38	9.159573
1	2	M	39	7.47817
1	2	M	40	7.805067
1	2	M	41	7.782807
1	2	M	42	7.871693
1	2	M	43	7.614805
1	2	M	44	9.60716
1	2	M	45	8.950533
1	2	M	46	8.39976
1	2	M	47	7.754482
1	2	M	48	8.304742
1	2	M	49	7.947325
1	2	M	50	7.53743
1	2	M	51	7.472501
1	2	M	52	7.326466
1	2	M	53	7.746301
1	2	M	54	8.511577
1	2	M	55	7.900266
1	2	M	56	7.579679
1	2	M	57	7.819234
1	2	M	58	7.542744
1	2	M	59	7.546974
1	2	M	60	7.8842
1	2	M	61	7.757906
1	2	M	62	7.861727
1	2	M	63	8.623893
1	2	M	64	8.014336
1	2	M	65	8.525955
1	2	M	66	7.186901
1	2	M	67	7.34601
1	2	M	68	7.386471
1	2	M	69	7.399398
1	2	M	70	10.21453
1	2	M	71	9.191056
1	2	M	72	9.743436
1	2	M	73	9.25033
1	2	M	74	8.229778
1	2	M	75	7.657283
1	2	M	76	8.264106
1	2	M	77	8.774158
1	2	M	78	8.231376
1	2	M	79	7.912057
1	2	M	80	8.420242
1	2	M	81	8.920523
1	2	M	82	7.675082
1	2	M	83	8.076826
1	2	M	84	7.697575
1	2	M	85	8.222822
1	2	M	86	8.081475
1	2	M	87	9.433244
1	2	M	88	7.678326
1	2	M	89	8.159661
1	2	M	90	7.32975
1	2	M	91	7.156956
1	2	M	92	8.162231
1	2	M	93	7.982416
1	2	M	94	8.420021
1	2	M	95	8.241703
1	2	M	96	7.543803
1	2	M	97	7.775276
1	2	M	98	8.570544
1	2	M	99	8.20303
1	2	M	100	8.377701
2	1	M	1	8.310907
2	1	M	2	8.134174
2	1	M	3	8.140024
2	1	M	4	9.135401
2	1	M	5	7.221105
2	1	M	6	8.01235
2	1	M	7	7.400621
2	1	M	8	7.481556
2	1	M	9	7.921173
2	1	M	10	8.334472
2	1	M	11	7.06732
2	1	M	12	8.130059
2	1	M	13	8.130059
2	1	M	14	8.863616
2	1	M	15	8.270525
2	1	M	16	8.270525
2	1	M	17	8.0047
2	1	M	18	9.374583
2	1	M	19	7.893572
2	1	M	20	7.471363
2	1	M	21	8.546558
2	1	M	22	7.546974
2	1	M	23	7.284135
2	1	M	24	7.267525
2	1	M	25	8.333751
2	1	M	26	7.506042
2	1	M	27	7.201171
2	1	M	28	8.335192
2	1	M	29	7.721792
2	1	M	30	7.840706
2	1	M	31	7.840706
2	1	M	32	7.081709
2	1	M	33	8.993427
2	1	M	34	7.178545
2	1	M	35	7.09091
2	1	M	36	8.711114
2	1	M	37	7.87093
2	1	M	38	9.018574
2	1	M	39	7.474205
2	1	M	40	7.111512
2	1	M	41	7.784473
2	1	M	42	8.006368
2	1	M	43	7.184629
2	1	M	44	9.14099
2	1	M	45	7.896181
2	1	M	46	8.61432
2	1	M	47	8.02388
2	1	M	48	7.503841
2	1	M	49	6.971669
2	1	M	50	7.125283
2	1	M	51	7.144407
2	1	M	52	6.950815
2	1	M	53	7.283448
2	1	M	54	7.618251
2	1	M	55	8.108623
2	1	M	56	8.153925
2	1	M	57	7.295056
2	1	M	58	7.486613
2	1	M	59	7.449498
2	1	M	60	8.005701
2	1	M	61	8.417594
2	1	M	62	8.087025
2	1	M	63	8.452548
2	1	M	64	8.523374
2	1	M	65	7.971776
2	1	M	66	7.185387
2	1	M	67	7.558517
2	1	M	68	7.226936
2	1	M	69	7.187657
2	1	M	70	9.01127
2	1	M	71	8.693497
2	1	M	72	8.371705
2	1	M	73	9.412873
2	1	M	74	7.589842
2	1	M	75	7.477604
2	1	M	76	7.509335
2	1	M	77	7.509335
2	1	M	78	7.110696
2	1	M	79	7.991592
2	1	M	80	7.350516
2	1	M	81	9.06242
2	1	M	82	7.629004
2	1	M	83	7.498316
2	1	M	84	8.004032
2	1	M	85	7.497762
2	1	M	86	7.563201
2	1	M	87	7.211557
2	1	M	88	7.236339
2	1	M	89	8.22121
2	1	M	90	7.036148
2	1	M	91	7.005789
2	1	M	92	8.297793
2	1	M	93	7.325808
2	1	M	94	8.118803
2	1	M	95	7.357556
2	1	M	96	7.543273
2	1	M	97	7.422971
2	1	M	98	7.344719
2	1	M	99	7.351158
2	1	M	100	7.720905
2	2	L	1	8.753687
2	2	L	2	7.944847
2	2	L	3	7.597898
2	2	L	4	8.048469
2	2	L	5	7.26403
2	2	L	6	7.784889
2	2	L	7	6.867974
2	2	L	8	7.13966
2	2	L	9	7.009409
2	2	L	10	7.655864
2	2	L	11	9.223158
2	2	L	12	8.466952
2	2	L	13	8.466952
2	2	L	14	8.501673
2	2	L	15	6.753438
2	2	L	16	6.753438
2	2	L	17	7.603399
2	2	L	18	7.481556
2	2	L	19	7.416378
2	2	L	20	7.394493
2	2	L	21	8.29355
2	2	L	22	7.577634
2	2	L	23	7.285507
2	2	L	24	7.398174
2	2	L	25	7.754482
2	2	L	26	7.251345
2	2	L	27	7.36518
2	2	L	28	8.414274
2	2	L	29	7.53743
2	2	L	30	7.41998
2	2	L	31	7.41998
2	2	L	32	6.746412
2	2	L	33	7.616284
2	2	L	34	6.981006
2	2	L	35	7.267525
2	2	L	36	8.279951
2	2	L	37	7.128496
2	2	L	38	7.317876
2	2	L	39	7.375882
2	2	L	40	7.106606
2	2	L	41	9.280333
2	2	L	42	8.013343
2	2	L	43	7.32975
2	2	L	44	9.72064
2	2	L	45	7.549609
2	2	L	46	8.301025
2	2	L	47	7.586296
2	2	L	48	7.266129
2	2	L	49	6.697034
2	2	L	50	7.622175
2	2	L	51	7.05445
2	2	L	52	7.619233
2	2	L	53	8.248006
2	2	L	54	7.650645
2	2	L	55	7.813592
2	2	L	56	7.395722
2	2	L	57	7.377759
2	2	L	58	7.934872
2	2	L	59	7.134891
2	2	L	60	7.883069
2	2	L	61	7.805475
2	2	L	62	9.252537
2	2	L	63	7.510431
2	2	L	64	7.721792
2	2	L	65	7.448916
2	2	L	66	7.297768
2	2	L	67	7.63627
2	2	L	68	7.41758
2	2	L	69	7.130099
2	2	L	70	7.32317
2	2	L	71	8.004366
2	2	L	72	8.499436
2	2	L	73	7.618742
2	2	L	74	7.453562
2	2	L	75	7.214504
2	2	L	76	7.080868
2	2	L	77	6.712956
2	2	L	78	6.721426
2	2	L	79	7.03966
2	2	L	80	6.776507
2	2	L	81	7.068172
2	2	L	82	8.153637
2	2	L	83	8.028455
2	2	L	84	8.842749
2	2	L	85	7.850883
2	2	L	86	7.129298
2	2	L	87	7.191429
2	2	L	88	7.503841
2	2	L	89	8.245909
2	2	L	90	7.183871
2	2	L	91	7.607381
2	2	L	92	7.821242
2	2	L	93	8.137396
2	2	L	94	7.912423
2	2	L	95	8.031385
2	2	L	96	8.183677
2	2	L	97	7.222566
2	2	L	98	7.098376
2	2	L	99	6.911747
2	2	L	100	7.371489
