Array	Tissue	Dye	Gene	ExpLevel
1	P	1	1	7.561642
1	P	1	2	9.212737
1	P	1	3	7.807917
1	P	1	4	7.58172
1	P	1	5	8.58373
1	P	1	6	8.396606
1	P	1	7	8.644354
1	P	1	8	9.587475
1	P	1	9	7.909489
1	P	1	10	7.385851
1	P	1	11	7.769379
1	P	1	12	7.247793
1	P	1	13	8.025843
1	P	1	14	7.302496
1	P	1	15	7.333676
1	P	1	16	7.739794
1	P	1	17	7.739794
1	P	1	18	7.590852
1	P	1	19	9.282754
1	P	1	20	9.663516
1	P	1	21	6.980076
1	P	1	22	7.257003
1	P	1	23	7.257003
1	P	1	24	7.924434
1	P	1	25	8.343792
1	P	1	26	7.846981
1	P	1	27	7.801391
1	P	1	28	8.03722
1	P	1	29	8.068716
1	P	1	30	7.463363
1	P	1	31	6.992096
1	P	1	32	7.26892
1	P	1	33	8.471359
1	P	1	34	7.674617
1	P	1	35	7.72533
1	P	1	36	7.236339
1	P	1	37	7.832411
1	P	1	38	7.003065
1	P	1	39	7.603399
1	P	1	40	7.603399
1	P	1	41	7.79111
1	P	1	42	9.307739
1	P	1	43	7.190676
1	P	1	44	7.059618
1	P	1	45	8.895904
1	P	1	46	8.044305
1	P	1	47	7.137278
1	P	1	48	7.307202
1	P	1	49	8.401558
1	P	1	50	7.376508
1	P	1	51	7.194437
1	P	1	52	8.748781
1	P	1	53	7.77863
1	P	1	54	9.816349
1	P	1	55	8.118505
1	P	1	56	9.297893
1	P	1	57	7.841886
1	P	1	58	8.071843
1	P	1	59	6.888572
1	P	1	60	7.295056
1	P	1	61	7.54009
1	P	1	62	7.754482
1	P	1	63	6.926577
1	P	1	64	7.160069
1	P	1	65	7.911691
1	P	1	66	7.166266
1	P	1	67	7.510431
1	P	1	68	7.292337
1	P	1	69	7.815611
1	P	1	70	8.387768
1	P	1	71	8.212026
1	P	1	72	7.080868
1	P	1	73	7.502186
1	P	1	74	7.127694
1	P	1	75	7.935945
1	P	1	76	9.618735
1	P	1	77	7.5224
1	P	1	78	7.239215
1	P	1	79	7.156956
1	P	1	80	8.221748
1	P	1	81	7.735433
1	P	1	82	7.406103
1	P	1	83	7.923348
1	P	1	84	7.152269
1	P	1	85	8.235361
1	P	1	86	7.72312
1	P	1	87	8.807472
1	P	1	88	8.526549
1	P	1	89	7.354362
1	P	1	90	7.295056
1	P	1	91	7.051856
1	P	1	92	8.577347
1	P	1	93	8.77292
1	P	1	94	6.927558
1	P	1	95	7.625595
1	P	1	96	7.569412
1	P	1	97	7.398786
1	P	1	98	7.17012
1	P	1	99	7.916807
1	P	1	100	7.481556
1	L	2	1	8.116417
1	L	2	2	9.59281
1	L	2	3	9.142811
1	L	2	4	8.588397
1	L	2	5	9.060912
1	L	2	6	8.946505
1	L	2	7	8.884749
1	L	2	8	8.837971
1	L	2	9	8.674026
1	L	2	10	8.284252
1	L	2	11	8.490028
1	L	2	12	7.866339
1	L	2	13	8.77848
1	L	2	14	10.64502
1	L	2	15	8.292298
1	L	2	16	9.85849
1	L	2	17	9.85849
1	L	2	18	8.467372
1	L	2	19	9.671682
1	L	2	20	8.218787
1	L	2	21	7.41758
1	L	2	22	7.87967
1	L	2	23	7.87967
1	L	2	24	8.732788
1	L	2	25	8.803274
1	L	2	26	8.116417
1	L	2	27	8.498826
1	L	2	28	9.719745
1	L	2	29	8.801168
1	L	2	30	9.250042
1	L	2	31	7.479864
1	L	2	32	8.08764
1	L	2	33	8.991687
1	L	2	34	7.981392
1	L	2	35	8.693664
1	L	2	36	7.927685
1	L	2	37	9.261224
1	L	2	38	7.76811
1	L	2	39	8.906393
1	L	2	40	8.906393
1	L	2	41	8.302018
1	L	2	42	8.642944
1	L	2	43	8.905987
1	L	2	44	8.379539
1	L	2	45	9.403519
1	L	2	46	8.709465
1	L	2	47	8.163656
1	L	2	48	8.011687
1	L	2	49	8.250098
1	L	2	50	8.016318
1	L	2	51	10.61957
1	L	2	52	9.041803
1	L	2	53	8.513185
1	L	2	54	10.43179
1	L	2	55	9.786336
1	L	2	56	9.306468
1	L	2	57	8.447414
1	L	2	58	9.203114
1	L	2	59	7.803435
1	L	2	60	8.750841
1	L	2	61	8.098035
1	L	2	62	8.917981
1	L	2	63	7.711101
1	L	2	64	7.987185
1	L	2	65	8.109826
1	L	2	66	8.1934
1	L	2	67	8.828055
1	L	2	68	8.49331
1	L	2	69	9.224933
1	L	2	70	9.297252
1	L	2	71	9.099856
1	L	2	72	7.920447
1	L	2	73	7.942718
1	L	2	74	8.031385
1	L	2	75	8.172729
1	L	2	76	10.192943
1	L	2	77	7.862112
1	L	2	78	7.960324
1	L	2	79	7.761745
1	L	2	80	8.445697
1	L	2	81	8.965973
1	L	2	82	7.974189
1	L	2	83	8.824531
1	L	2	84	8.737773
1	L	2	85	8.545197
1	L	2	86	10.525407
1	L	2	87	8.557951
1	L	2	88	8.33639
1	L	2	89	8.020928
1	L	2	90	7.651596
1	L	2	91	7.902857
1	L	2	92	8.876545
1	L	2	93	7.694848
1	L	2	94	7.601402
1	L	2	95	8.674197
1	L	2	96	8.253488
1	L	2	97	8.059276
1	L	2	98	7.741534
1	L	2	99	8.504513
1	L	2	100	7.857094
2	P	1	1	7.354362
2	P	1	2	9.207035
2	P	1	3	7.874359
2	P	1	4	7.813592
2	P	1	5	8.84894
2	P	1	6	8.379309
2	P	1	7	8.751316
2	P	1	8	9.640043
2	P	1	9	8.194506
2	P	1	10	7.346655
2	P	1	11	7.972811
2	P	1	12	7.147559
2	P	1	13	7.990577
2	P	1	14	7.098376
2	P	1	15	7.341484
2	P	1	16	7.680637
2	P	1	17	7.680637
2	P	1	18	7.465083
2	P	1	19	9.414913
2	P	1	20	9.812797
2	P	1	21	7.050123
2	P	1	22	7.387709
2	P	1	23	7.387709
2	P	1	24	7.883823
2	P	1	25	8.134174
2	P	1	26	7.899524
2	P	1	27	7.94094
2	P	1	28	8.437284
2	P	1	29	8.171882
2	P	1	30	7.7012
2	P	1	31	7.002156
2	P	1	32	7.351158
2	P	1	33	8.562549
2	P	1	34	7.857481
2	P	1	35	7.889084
2	P	1	36	7.45008
2	P	1	37	7.922986
2	P	1	38	7.088409
2	P	1	39	7.633854
2	P	1	40	7.633854
2	P	1	41	7.992269
2	P	1	42	9.127502
2	P	1	43	7.270313
2	P	1	44	7.354362
2	P	1	45	8.942984
2	P	1	46	8.00102
2	P	1	47	7.106606
2	P	1	48	7.36518
2	P	1	49	8.379998
2	P	1	50	7.536897
2	P	1	51	7.418181
2	P	1	52	8.878637
2	P	1	53	7.912423
2	P	1	54	9.959537
2	P	1	55	8.069655
2	P	1	56	9.29367
2	P	1	57	8.232972
2	P	1	58	7.864804
2	P	1	59	6.973543
2	P	1	60	7.604396
2	P	1	61	7.85205
2	P	1	62	8.010692
2	P	1	63	7.05445
2	P	1	64	7.45008
2	P	1	65	8.005701
2	P	1	66	7.418181
2	P	1	67	7.695758
2	P	1	68	7.355002
2	P	1	69	8.411833
2	P	1	70	8.387768
2	P	1	71	8.156797
2	P	1	72	7.410952
2	P	1	73	8.01235
2	P	1	74	7.193686
2	P	1	75	8.496174
2	P	1	76	9.69116
2	P	1	77	7.644441
2	P	1	78	7.380879
2	P	1	79	7.317212
2	P	1	80	8.428143
2	P	1	81	7.734121
2	P	1	82	7.425954
2	P	1	83	7.961021
2	P	1	84	7.245655
2	P	1	85	8.600431
2	P	1	86	8.086103
2	P	1	87	9.021961
2	P	1	88	8.653471
2	P	1	89	7.577634
2	P	1	90	7.078342
2	P	1	91	7.210818
2	P	1	92	8.507951
2	P	1	93	8.814628
2	P	1	94	7.108244
2	P	1	95	7.569412
2	P	1	96	8.217169
2	P	1	97	7.618251
2	P	1	98	7.229114
2	P	1	99	8.026497
2	P	1	100	7.529406
2	M	2	1	7.681099
2	M	2	2	8.658172
2	M	2	3	8.948976
2	M	2	4	8.328451
2	M	2	5	9.176473
2	M	2	6	9.616938
2	M	2	7	8.199189
2	M	2	8	8.425297
2	M	2	9	9.299175
2	M	2	10	8.188411
2	M	2	11	9.183688
2	M	2	12	7.529943
2	M	2	13	8.628377
2	M	2	14	7.686162
2	M	2	15	7.614312
2	M	2	16	9.285541
2	M	2	17	9.285541
2	M	2	18	7.760893
2	M	2	19	9.290906
2	M	2	20	7.509335
2	M	2	21	7.290293
2	M	2	22	9.780133
2	M	2	23	9.780133
2	M	2	24	8.187577
2	M	2	25	9.81978
2	M	2	26	8.749891
2	M	2	27	8.152486
2	M	2	28	9.397069
2	M	2	29	8.111028
2	M	2	30	8.482188
2	M	2	31	7.852828
2	M	2	32	7.678326
2	M	2	33	9.261509
2	M	2	34	8.080237
2	M	2	35	8.212026
2	M	2	36	7.723562
2	M	2	37	8.894259
2	M	2	38	7.779885
2	M	2	39	8.660947
2	M	2	40	8.660947
2	M	2	41	8.300529
2	M	2	42	8.912339
2	M	2	43	8.549854
2	M	2	44	7.604894
2	M	2	45	9.263502
2	M	2	46	7.564238
2	M	2	47	8.784622
2	M	2	48	9.319822
2	M	2	49	7.99497
2	M	2	50	7.941296
2	M	2	51	8.180321
2	M	2	52	8.61722
2	M	2	53	7.934155
2	M	2	54	9.608378
2	M	2	55	9.248984
2	M	2	56	8.977778
2	M	2	57	8.70864
2	M	2	58	8.297294
2	M	2	59	7.233455
2	M	2	60	7.830426
2	M	2	61	8.40268
2	M	2	62	8.148735
2	M	2	63	7.38709
2	M	2	64	7.482682
2	M	2	65	7.670429
2	M	2	66	7.596894
2	M	2	67	8.03948
2	M	2	68	7.685244
2	M	2	69	8.417594
2	M	2	70	8.663715
2	M	2	71	8.461469
2	M	2	72	7.728856
2	M	2	73	7.47817
2	M	2	74	7.355641
2	M	2	75	8.789812
2	M	2	76	9.351666
2	M	2	77	7.447168
2	M	2	78	7.557995
2	M	2	79	7.444249
2	M	2	80	8.175548
2	M	2	81	7.947679
2	M	2	82	7.747597
2	M	2	83	8.483016
2	M	2	84	8.103797
2	M	2	85	8.958411
2	M	2	86	8.679652
2	M	2	87	9.231319
2	M	2	88	8.829519
2	M	2	89	8.1934
2	M	2	90	7.527256
2	M	2	91	7.847763
2	M	2	92	8.638703
2	M	2	93	7.447168
2	M	2	94	7.594884
2	M	2	95	7.512071
2	M	2	96	7.801391
2	M	2	97	7.685244
2	M	2	98	7.488853
2	M	2	99	7.67601
2	M	2	100	7.309212
